#
# Rates from 'La Poste Colissimo' from France / January 2014
#
# This file is part of the django-colissimo module
#
# Official docs: 
#    http://www.colissimo.fr/particuliers/envoyer_un_colis/decouvrir_loffre_colissimo/Tarifs_colissimo/Tarifs_colissimo.jsp
# http://www.laposte.fr/Particulier/Consulter-nos-tarifs/Tarifs-Courrier

# This file is parsed by the 'genfixtures.py' script (in the same directory)
# which generates the initial fixture data to load into the database (using syncdb)
#
# Everything after a '#' is ignored (comments)
# Spaces between comas are ignored
# Lines starting with '::' must be a coma-separated line of values for (in this order):
#  model_name,fieldname1,fieldname2,...
#
# Author: Mathias Monnerville <mathias@monnerville.com>
#         Julien Maupetit <julien@maupetit.net> (2012 rates update)
#         Benjamin PIERRE <bp@kapt.mobi> (2013 update)
#         Benjamin PIERRE <bp@kapt.mobi> (2014 update)

# All supported regions
::region,name
France - Monaco - Andore
Outre-mer OM1
Outre-mer OM2
International Zone A
International Zone B
International Zone C
International Zone D

# All compensation rates, prices in Euro
::recommanded,level,price
CR0,23 # 23E/kg
CR1,50
CR2,200
CR3,400
CR4,600
CR5,800
ECO,23 # 23E/kg
LV, 0
LP, 0
LR1,16
LR2,153
LR3,458
LRA1,16
LRA2,153
LRA3,458



######################### Region: France, Monaco, Andorra ######################

# Region: France, Monaco, Andorra
# Colissimo France sans recommande CR0
::rate,weight,price,signature,deposit,tracking,region,recommanded
0.25, 5.50,  0,1,1,1,1
0.5, 6.10,  0,1,1,1,1
0.75, 6.90,  0,1,1,1,1
  1, 7.50,  0,1,1,1,1
  2, 8.50,  0,1,1,1,1
  3, 9.70,  0,1,1,1,1
  5,11.90,  0,1,1,1,1
  7,14.10,  0,1,1,1,1
 10,17.40,  0,1,1,1,1
 15,20.15,  0,1,1,1,1
 30,28.35,  0,1,1,1,1

# Region: France, Monaco, Andorra
# Colissimo France avec recommande CR1
::rate,weight,price,signature,deposit,tracking,region,recommanded
0.25, 8.00,  1,1,1,1,2
0.5, 8.60,  1,1,1,1,2
0.75, 9.40,  1,1,1,1,2
  1, 10.00,  1,1,1,1,2
  2, 11.00,  1,1,1,1,2
  3, 12.20,  1,1,1,1,2
  5, 14.40,  1,1,1,1,2
  7, 16.60,  1,1,1,1,2
 10, 19.90,  1,1,1,1,2
 15, 22.65,  1,1,1,1,2
 30, 30.85,  1,1,1,1,2

# Region: France, Monaco, Andorra
# Colissimo France avec recommande CR2
::rate,weight,price,signature,deposit,tracking,region,recommanded
0.25, 8.90,  1,1,1,1,3
0.5, 9.50,  1,1,1,1,3
0.75, 10.30,  1,1,1,1,3
  1, 10.90,  1,1,1,1,3
  2, 11.90,  1,1,1,1,3
  3, 13.10,  1,1,1,1,3
  5, 15.30,  1,1,1,1,3
  7, 17.50,  1,1,1,1,3
 10, 20.80,  1,1,1,1,3
 15, 23.55,  1,1,1,1,3
 30, 31.75,  1,1,1,1,3

# Region: France, Monaco, Andorra
# Colissimo France avec recommande CR3
::rate,weight,price,signature,deposit,tracking,region,recommanded
0.25, 10.10,  1,1,1,1,4
0.5, 10.70,  1,1,1,1,4
0.75, 11.50,  1,1,1,1,4
  1, 12.10,  1,1,1,1,4
  2, 13.10,  1,1,1,1,4
  3, 14.30,  1,1,1,1,4
  5, 16.50,  1,1,1,1,4
  7, 18.70,  1,1,1,1,4
 10, 22.00,  1,1,1,1,4
 15, 24.75,  1,1,1,1,4
 30, 32.95,  1,1,1,1,4

# Region: France, Monaco, Andorra
# Colissimo France avec recommande CR4
::rate,weight,price,signature,deposit,tracking,region,recommanded
0.25, 11.30,  1,1,1,1,5
0.5, 11.90,  1,1,1,1,5
0.75, 12.70,  1,1,1,1,5
  1, 13.30,  1,1,1,1,5
  2, 14.30,  1,1,1,1,5
  3, 15.50,  1,1,1,1,5
  5, 17.70,  1,1,1,1,5
  7, 19.90,  1,1,1,1,5
 10, 23.20,  1,1,1,1,5
 15, 25.95,  1,1,1,1,5
 30, 34.15,  1,1,1,1,5

# Region: France, Monaco, Andorra
# Colissimo France avec recommande CR5
::rate,weight,price,signature,deposit,tracking,region,recommanded
0.25, 12.50,  1,1,1,1,6
0.5, 13.10,  1,1,1,1,6
0.75, 13.90,  1,1,1,1,6
  1, 14.50,  1,1,1,1,6
  2, 15.50,  1,1,1,1,6
  3, 16.70,  1,1,1,1,6
  5, 18.90,  1,1,1,1,6
  7, 21.10,  1,1,1,1,6
 10, 24.40,  1,1,1,1,6
 15, 27.15,  1,1,1,1,6
 30, 35.35,  1,1,1,1,6


######################### Region: outre-mer ######################
##### OM1

# Region: outre-mer OM1
# Lettre verte outre-mer OM1 LV
::rate,weight,price,signature,deposit,tracking,region,recommanded
0.01, 0.66, 0,0,0,2,8
0.02, 0.71, 0,0,0,2,8
0.03, 1.17, 0,0,0,2,8
0.04, 1.22, 0,0,0,2,8
0.05, 1.27, 0,0,0,2,8
0.06, 1.85, 0,0,0,2,8
0.07, 1.90, 0,0,0,2,8
0.08, 1.95, 0,0,0,2,8
0.09, 2.00, 0,0,0,2,8
0.10, 2.05, 0,0,0,2,8
0.11, 3.00, 0,0,0,2,8
0.12, 3.05, 0,0,0,2,8
0.13, 3.10, 0,0,0,2,8
0.14, 3.15, 0,0,0,2,8
0.15, 3.20, 0,0,0,2,8
0.16, 3.25, 0,0,0,2,8
0.17, 3.30, 0,0,0,2,8
0.18, 3.35, 0,0,0,2,8
0.19, 3.40, 0,0,0,2,8
0.20, 3.45, 0,0,0,2,8
0.21, 3.50, 0,0,0,2,8
0.22, 3.55, 0,0,0,2,8
0.23, 3.60, 0,0,0,2,8
0.24, 3.65, 0,0,0,2,8
0.25, 3.70, 0,0,0,2,8
0.26, 4.60, 0,0,0,2,8
0.27, 4.65, 0,0,0,2,8
0.28, 4.70, 0,0,0,2,8
0.29, 4.75, 0,0,0,2,8
0.30, 4.80, 0,0,0,2,8
0.31, 4.85, 0,0,0,2,8
0.32, 4.90, 0,0,0,2,8
0.33, 4.95, 0,0,0,2,8
0.34, 5.00, 0,0,0,2,8
0.35, 5.05, 0,0,0,2,8
0.36, 5.10, 0,0,0,2,8
0.37, 5.15, 0,0,0,2,8
0.38, 5.20, 0,0,0,2,8
0.39, 5.25, 0,0,0,2,8
0.40, 5.30, 0,0,0,2,8
0.41, 5.35, 0,0,0,2,8
0.42, 5.40, 0,0,0,2,8
0.43, 5.45, 0,0,0,2,8
0.44, 5.50, 0,0,0,2,8
0.45, 5.55, 0,0,0,2,8
0.46, 5.60, 0,0,0,2,8
0.47, 5.65, 0,0,0,2,8
0.48, 5.70, 0,0,0,2,8
0.49, 5.75, 0,0,0,2,8
0.50, 5.80, 0,0,0,2,8
0.51, 6.90, 0,0,0,2,8
0.52, 6.95, 0,0,0,2,8
0.53, 7.00, 0,0,0,2,8
0.54, 7.05, 0,0,0,2,8
0.55, 7.10, 0,0,0,2,8
0.56, 7.15, 0,0,0,2,8
0.57, 7.20, 0,0,0,2,8
0.58, 7.25, 0,0,0,2,8
0.59, 7.30, 0,0,0,2,8
0.60, 7.35, 0,0,0,2,8
0.61, 7.40, 0,0,0,2,8
0.62, 7.45, 0,0,0,2,8
0.63, 7.50, 0,0,0,2,8
0.64, 7.55, 0,0,0,2,8
0.65, 7.60, 0,0,0,2,8
0.66, 7.65, 0,0,0,2,8
0.67, 7.70, 0,0,0,2,8
0.68, 7.75, 0,0,0,2,8
0.69, 7.80, 0,0,0,2,8
0.70, 7.85, 0,0,0,2,8
0.71, 7.90, 0,0,0,2,8
0.72, 7.95, 0,0,0,2,8
0.73, 8.00, 0,0,0,2,8
0.74, 8.05, 0,0,0,2,8
0.75, 8.10, 0,0,0,2,8
0.76, 8.15, 0,0,0,2,8
0.77, 8.20, 0,0,0,2,8
0.78, 8.25, 0,0,0,2,8
0.79, 8.30, 0,0,0,2,8
0.80, 8.35, 0,0,0,2,8
0.81, 8.40, 0,0,0,2,8
0.82, 8.45, 0,0,0,2,8
0.83, 8.50, 0,0,0,2,8
0.84, 8.55, 0,0,0,2,8
0.85, 8.60, 0,0,0,2,8
0.86, 8.65, 0,0,0,2,8
0.87, 8.70, 0,0,0,2,8
0.88, 8.75, 0,0,0,2,8
0.89, 8.80, 0,0,0,2,8
0.90, 8.85, 0,0,0,2,8
0.91, 8.90, 0,0,0,2,8
0.92, 8.95, 0,0,0,2,8
0.93, 9.00, 0,0,0,2,8
0.94, 9.05, 0,0,0,2,8
0.95, 9.10, 0,0,0,2,8
0.96, 9.15, 0,0,0,2,8
0.97, 9.20, 0,0,0,2,8
0.98, 9.25, 0,0,0,2,8
0.99, 9.30, 0,0,0,2,8
1.00, 9.35, 0,0,0,2,8
1.01, 10.70, 0,0,0,2,8
1.02, 10.75, 0,0,0,2,8
1.03, 10.80, 0,0,0,2,8
1.04, 10.85, 0,0,0,2,8
1.05, 10.90, 0,0,0,2,8
1.06, 10.95, 0,0,0,2,8
1.07, 11.00, 0,0,0,2,8
1.08, 11.05, 0,0,0,2,8
1.09, 11.10, 0,0,0,2,8
1.10, 11.15, 0,0,0,2,8
1.11, 11.20, 0,0,0,2,8
1.12, 11.25, 0,0,0,2,8
1.13, 11.30, 0,0,0,2,8
1.14, 11.35, 0,0,0,2,8
1.15, 11.40, 0,0,0,2,8
1.16, 11.45, 0,0,0,2,8
1.17, 11.50, 0,0,0,2,8
1.18, 11.55, 0,0,0,2,8
1.19, 11.60, 0,0,0,2,8
1.20, 11.65, 0,0,0,2,8
1.21, 11.70, 0,0,0,2,8
1.22, 11.75, 0,0,0,2,8
1.23, 11.80, 0,0,0,2,8
1.24, 11.85, 0,0,0,2,8
1.25, 11.90, 0,0,0,2,8
1.26, 11.95, 0,0,0,2,8
1.27, 12.00, 0,0,0,2,8
1.28, 12.05, 0,0,0,2,8
1.29, 12.10, 0,0,0,2,8
1.30, 12.15, 0,0,0,2,8
1.31, 12.20, 0,0,0,2,8
1.32, 12.25, 0,0,0,2,8
1.33, 12.30, 0,0,0,2,8
1.34, 12.35, 0,0,0,2,8
1.35, 12.40, 0,0,0,2,8
1.36, 12.45, 0,0,0,2,8
1.37, 12.50, 0,0,0,2,8
1.38, 12.55, 0,0,0,2,8
1.39, 12.60, 0,0,0,2,8
1.40, 12.65, 0,0,0,2,8
1.41, 12.70, 0,0,0,2,8
1.42, 12.75, 0,0,0,2,8
1.43, 12.80, 0,0,0,2,8
1.44, 12.85, 0,0,0,2,8
1.45, 12.90, 0,0,0,2,8
1.46, 12.95, 0,0,0,2,8
1.47, 13.00, 0,0,0,2,8
1.48, 13.05, 0,0,0,2,8
1.49, 13.10, 0,0,0,2,8
1.50, 13.15, 0,0,0,2,8
1.51, 13.20, 0,0,0,2,8
1.52, 13.25, 0,0,0,2,8
1.53, 13.30, 0,0,0,2,8
1.54, 13.35, 0,0,0,2,8
1.55, 13.40, 0,0,0,2,8
1.56, 13.45, 0,0,0,2,8
1.57, 13.50, 0,0,0,2,8
1.58, 13.55, 0,0,0,2,8
1.59, 13.60, 0,0,0,2,8
1.60, 13.65, 0,0,0,2,8
1.61, 13.70, 0,0,0,2,8
1.62, 13.75, 0,0,0,2,8
1.63, 13.80, 0,0,0,2,8
1.64, 13.85, 0,0,0,2,8
1.65, 13.90, 0,0,0,2,8
1.66, 13.95, 0,0,0,2,8
1.67, 14.00, 0,0,0,2,8
1.68, 14.05, 0,0,0,2,8
1.69, 14.10, 0,0,0,2,8
1.70, 14.15, 0,0,0,2,8
1.71, 14.20, 0,0,0,2,8
1.72, 14.25, 0,0,0,2,8
1.73, 14.30, 0,0,0,2,8
1.74, 14.35, 0,0,0,2,8
1.75, 14.40, 0,0,0,2,8
1.76, 14.45, 0,0,0,2,8
1.77, 14.50, 0,0,0,2,8
1.78, 14.55, 0,0,0,2,8
1.79, 14.60, 0,0,0,2,8
1.80, 14.65, 0,0,0,2,8
1.81, 14.70, 0,0,0,2,8
1.82, 14.75, 0,0,0,2,8
1.83, 14.80, 0,0,0,2,8
1.84, 14.85, 0,0,0,2,8
1.85, 14.90, 0,0,0,2,8
1.86, 14.95, 0,0,0,2,8
1.87, 15.00, 0,0,0,2,8
1.88, 15.05, 0,0,0,2,8
1.89, 15.10, 0,0,0,2,8
1.90, 15.15, 0,0,0,2,8
1.91, 15.20, 0,0,0,2,8
1.92, 15.25, 0,0,0,2,8
1.93, 15.30, 0,0,0,2,8
1.94, 15.35, 0,0,0,2,8
1.95, 15.40, 0,0,0,2,8
1.96, 15.45, 0,0,0,2,8
1.97, 15.50, 0,0,0,2,8
1.98, 15.55, 0,0,0,2,8
1.99, 15.60, 0,0,0,2,8
2.00, 15.65, 0,0,0,2,8
2.01, 16.60, 0,0,0,2,8
2.02, 16.65, 0,0,0,2,8
2.03, 16.70, 0,0,0,2,8
2.04, 16.75, 0,0,0,2,8
2.05, 16.80, 0,0,0,2,8
2.06, 16.85, 0,0,0,2,8
2.07, 16.90, 0,0,0,2,8
2.08, 16.95, 0,0,0,2,8
2.09, 17.00, 0,0,0,2,8
2.10, 17.05, 0,0,0,2,8
2.11, 17.10, 0,0,0,2,8
2.12, 17.15, 0,0,0,2,8
2.13, 17.20, 0,0,0,2,8
2.14, 17.25, 0,0,0,2,8
2.15, 17.30, 0,0,0,2,8
2.16, 17.35, 0,0,0,2,8
2.17, 17.40, 0,0,0,2,8
2.18, 17.45, 0,0,0,2,8
2.19, 17.50, 0,0,0,2,8
2.20, 17.55, 0,0,0,2,8
2.21, 17.60, 0,0,0,2,8
2.22, 17.65, 0,0,0,2,8
2.23, 17.70, 0,0,0,2,8
2.24, 17.75, 0,0,0,2,8
2.25, 17.80, 0,0,0,2,8
2.26, 17.85, 0,0,0,2,8
2.27, 17.90, 0,0,0,2,8
2.28, 17.95, 0,0,0,2,8
2.29, 18.00, 0,0,0,2,8
2.30, 18.05, 0,0,0,2,8
2.31, 18.10, 0,0,0,2,8
2.32, 18.15, 0,0,0,2,8
2.33, 18.20, 0,0,0,2,8
2.34, 18.25, 0,0,0,2,8
2.35, 18.30, 0,0,0,2,8
2.36, 18.35, 0,0,0,2,8
2.37, 18.40, 0,0,0,2,8
2.38, 18.45, 0,0,0,2,8
2.39, 18.50, 0,0,0,2,8
2.40, 18.55, 0,0,0,2,8
2.41, 18.60, 0,0,0,2,8
2.42, 18.65, 0,0,0,2,8
2.43, 18.70, 0,0,0,2,8
2.44, 18.75, 0,0,0,2,8
2.45, 18.80, 0,0,0,2,8
2.46, 18.85, 0,0,0,2,8
2.47, 18.90, 0,0,0,2,8
2.48, 18.95, 0,0,0,2,8
2.49, 19.00, 0,0,0,2,8
2.50, 19.05, 0,0,0,2,8
2.51, 19.10, 0,0,0,2,8
2.52, 19.15, 0,0,0,2,8
2.53, 19.20, 0,0,0,2,8
2.54, 19.25, 0,0,0,2,8
2.55, 19.30, 0,0,0,2,8
2.56, 19.35, 0,0,0,2,8
2.57, 19.40, 0,0,0,2,8
2.58, 19.45, 0,0,0,2,8
2.59, 19.50, 0,0,0,2,8
2.60, 19.55, 0,0,0,2,8
2.61, 19.60, 0,0,0,2,8
2.62, 19.65, 0,0,0,2,8
2.63, 19.70, 0,0,0,2,8
2.64, 19.75, 0,0,0,2,8
2.65, 19.80, 0,0,0,2,8
2.66, 19.85, 0,0,0,2,8
2.67, 19.90, 0,0,0,2,8
2.68, 19.95, 0,0,0,2,8
2.69, 20.00, 0,0,0,2,8
2.70, 20.05, 0,0,0,2,8
2.71, 20.10, 0,0,0,2,8
2.72, 20.15, 0,0,0,2,8
2.73, 20.20, 0,0,0,2,8
2.74, 20.25, 0,0,0,2,8
2.75, 20.30, 0,0,0,2,8
2.76, 20.35, 0,0,0,2,8
2.77, 20.40, 0,0,0,2,8
2.78, 20.45, 0,0,0,2,8
2.79, 20.50, 0,0,0,2,8
2.80, 20.55, 0,0,0,2,8
2.81, 20.60, 0,0,0,2,8
2.82, 20.65, 0,0,0,2,8
2.83, 20.70, 0,0,0,2,8
2.84, 20.75, 0,0,0,2,8
2.85, 20.80, 0,0,0,2,8
2.86, 20.85, 0,0,0,2,8
2.87, 20.90, 0,0,0,2,8
2.88, 20.95, 0,0,0,2,8
2.89, 21.00, 0,0,0,2,8
2.90, 21.05, 0,0,0,2,8
2.91, 21.10, 0,0,0,2,8
2.92, 21.15, 0,0,0,2,8
2.93, 21.20, 0,0,0,2,8
2.94, 21.25, 0,0,0,2,8
2.95, 21.30, 0,0,0,2,8
2.96, 21.35, 0,0,0,2,8
2.97, 21.40, 0,0,0,2,8
2.98, 21.45, 0,0,0,2,8
2.99, 21.50, 0,0,0,2,8
3.00, 21.55, 0,0,0,2,8

# Region: outre-mer OM1
# Lettre prioritaire outre-mer OM1 LP
::rate,weight,price,signature,deposit,tracking,region,recommanded
0.01, 0.71, 0,0,0,2,9
0.02, 0.76, 0,0,0,2,9
0.03, 1.25, 0,0,0,2,9
0.04, 1.30, 0,0,0,2,9
0.05, 1.35, 0,0,0,2,9
0.06, 1.95, 0,0,0,2,9
0.07, 2.00, 0,0,0,2,9
0.08, 2.05, 0,0,0,2,9
0.09, 2.10, 0,0,0,2,9
0.10, 2.15, 0,0,0,2,9
0.11, 3.20, 0,0,0,2,9
0.12, 3.25, 0,0,0,2,9
0.13, 3.30, 0,0,0,2,9
0.14, 3.35, 0,0,0,2,9
0.15, 3.40, 0,0,0,2,9
0.16, 3.45, 0,0,0,2,9
0.17, 3.50, 0,0,0,2,9
0.18, 3.55, 0,0,0,2,9
0.19, 3.60, 0,0,0,2,9
0.20, 3.65, 0,0,0,2,9
0.21, 3.70, 0,0,0,2,9
0.22, 3.75, 0,0,0,2,9
0.23, 3.80, 0,0,0,2,9
0.24, 3.85, 0,0,0,2,9
0.25, 3.90, 0,0,0,2,9
0.26, 4.85, 0,0,0,2,9
0.27, 4.90, 0,0,0,2,9
0.28, 4.95, 0,0,0,2,9
0.29, 5.00, 0,0,0,2,9
0.30, 5.05, 0,0,0,2,9
0.31, 5.10, 0,0,0,2,9
0.32, 5.15, 0,0,0,2,9
0.33, 5.20, 0,0,0,2,9
0.34, 5.25, 0,0,0,2,9
0.35, 5.30, 0,0,0,2,9
0.36, 5.35, 0,0,0,2,9
0.37, 5.40, 0,0,0,2,9
0.38, 5.45, 0,0,0,2,9
0.39, 5.50, 0,0,0,2,9
0.40, 5.55, 0,0,0,2,9
0.41, 5.60, 0,0,0,2,9
0.42, 5.65, 0,0,0,2,9
0.43, 5.70, 0,0,0,2,9
0.44, 5.75, 0,0,0,2,9
0.45, 5.80, 0,0,0,2,9
0.46, 5.85, 0,0,0,2,9
0.47, 5.90, 0,0,0,2,9
0.48, 5.95, 0,0,0,2,9
0.49, 6.00, 0,0,0,2,9
0.50, 6.05, 0,0,0,2,9
0.51, 7.20, 0,0,0,2,9
0.52, 7.25, 0,0,0,2,9
0.53, 7.30, 0,0,0,2,9
0.54, 7.35, 0,0,0,2,9
0.55, 7.40, 0,0,0,2,9
0.56, 7.45, 0,0,0,2,9
0.57, 7.50, 0,0,0,2,9
0.58, 7.55, 0,0,0,2,9
0.59, 7.60, 0,0,0,2,9
0.60, 7.65, 0,0,0,2,9
0.61, 7.70, 0,0,0,2,9
0.62, 7.75, 0,0,0,2,9
0.63, 7.80, 0,0,0,2,9
0.64, 7.85, 0,0,0,2,9
0.65, 7.90, 0,0,0,2,9
0.66, 7.95, 0,0,0,2,9
0.67, 8.00, 0,0,0,2,9
0.68, 8.05, 0,0,0,2,9
0.69, 8.10, 0,0,0,2,9
0.70, 8.15, 0,0,0,2,9
0.71, 8.20, 0,0,0,2,9
0.72, 8.25, 0,0,0,2,9
0.73, 8.30, 0,0,0,2,9
0.74, 8.35, 0,0,0,2,9
0.75, 8.40, 0,0,0,2,9
0.76, 8.45, 0,0,0,2,9
0.77, 8.50, 0,0,0,2,9
0.78, 8.55, 0,0,0,2,9
0.79, 8.60, 0,0,0,2,9
0.80, 8.65, 0,0,0,2,9
0.81, 8.70, 0,0,0,2,9
0.82, 8.75, 0,0,0,2,9
0.83, 8.80, 0,0,0,2,9
0.84, 8.85, 0,0,0,2,9
0.85, 8.90, 0,0,0,2,9
0.86, 8.95, 0,0,0,2,9
0.87, 9.00, 0,0,0,2,9
0.88, 9.05, 0,0,0,2,9
0.89, 9.10, 0,0,0,2,9
0.90, 9.15, 0,0,0,2,9
0.91, 9.20, 0,0,0,2,9
0.92, 9.25, 0,0,0,2,9
0.93, 9.30, 0,0,0,2,9
0.94, 9.35, 0,0,0,2,9
0.95, 9.40, 0,0,0,2,9
0.96, 9.45, 0,0,0,2,9
0.97, 9.50, 0,0,0,2,9
0.98, 9.55, 0,0,0,2,9
0.99, 9.60, 0,0,0,2,9
1.00, 9.65, 0,0,0,2,9
1.01, 11.05, 0,0,0,2,9
1.02, 11.10, 0,0,0,2,9
1.03, 11.15, 0,0,0,2,9
1.04, 11.20, 0,0,0,2,9
1.05, 11.25, 0,0,0,2,9
1.06, 11.30, 0,0,0,2,9
1.07, 11.35, 0,0,0,2,9
1.08, 11.40, 0,0,0,2,9
1.09, 11.45, 0,0,0,2,9
1.10, 11.50, 0,0,0,2,9
1.11, 11.55, 0,0,0,2,9
1.12, 11.60, 0,0,0,2,9
1.13, 11.65, 0,0,0,2,9
1.14, 11.70, 0,0,0,2,9
1.15, 11.75, 0,0,0,2,9
1.16, 11.80, 0,0,0,2,9
1.17, 11.85, 0,0,0,2,9
1.18, 11.90, 0,0,0,2,9
1.19, 11.95, 0,0,0,2,9
1.20, 12.00, 0,0,0,2,9
1.21, 12.05, 0,0,0,2,9
1.22, 12.10, 0,0,0,2,9
1.23, 12.15, 0,0,0,2,9
1.24, 12.20, 0,0,0,2,9
1.25, 12.25, 0,0,0,2,9
1.26, 12.30, 0,0,0,2,9
1.27, 12.35, 0,0,0,2,9
1.28, 12.40, 0,0,0,2,9
1.29, 12.45, 0,0,0,2,9
1.30, 12.50, 0,0,0,2,9
1.31, 12.55, 0,0,0,2,9
1.32, 12.60, 0,0,0,2,9
1.33, 12.65, 0,0,0,2,9
1.34, 12.70, 0,0,0,2,9
1.35, 12.75, 0,0,0,2,9
1.36, 12.80, 0,0,0,2,9
1.37, 12.85, 0,0,0,2,9
1.38, 12.90, 0,0,0,2,9
1.39, 12.95, 0,0,0,2,9
1.40, 13.00, 0,0,0,2,9
1.41, 13.05, 0,0,0,2,9
1.42, 13.10, 0,0,0,2,9
1.43, 13.15, 0,0,0,2,9
1.44, 13.20, 0,0,0,2,9
1.45, 13.25, 0,0,0,2,9
1.46, 13.30, 0,0,0,2,9
1.47, 13.35, 0,0,0,2,9
1.48, 13.40, 0,0,0,2,9
1.49, 13.45, 0,0,0,2,9
1.50, 13.50, 0,0,0,2,9
1.51, 13.55, 0,0,0,2,9
1.52, 13.60, 0,0,0,2,9
1.53, 13.65, 0,0,0,2,9
1.54, 13.70, 0,0,0,2,9
1.55, 13.75, 0,0,0,2,9
1.56, 13.80, 0,0,0,2,9
1.57, 13.85, 0,0,0,2,9
1.58, 13.90, 0,0,0,2,9
1.59, 13.95, 0,0,0,2,9
1.60, 14.00, 0,0,0,2,9
1.61, 14.05, 0,0,0,2,9
1.62, 14.10, 0,0,0,2,9
1.63, 14.15, 0,0,0,2,9
1.64, 14.20, 0,0,0,2,9
1.65, 14.25, 0,0,0,2,9
1.66, 14.30, 0,0,0,2,9
1.67, 14.35, 0,0,0,2,9
1.68, 14.40, 0,0,0,2,9
1.69, 14.45, 0,0,0,2,9
1.70, 14.50, 0,0,0,2,9
1.71, 14.55, 0,0,0,2,9
1.72, 14.60, 0,0,0,2,9
1.73, 14.65, 0,0,0,2,9
1.74, 14.70, 0,0,0,2,9
1.75, 14.75, 0,0,0,2,9
1.76, 14.80, 0,0,0,2,9
1.77, 14.85, 0,0,0,2,9
1.78, 14.90, 0,0,0,2,9
1.79, 14.95, 0,0,0,2,9
1.80, 15.00, 0,0,0,2,9
1.81, 15.05, 0,0,0,2,9
1.82, 15.10, 0,0,0,2,9
1.83, 15.15, 0,0,0,2,9
1.84, 15.20, 0,0,0,2,9
1.85, 15.25, 0,0,0,2,9
1.86, 15.30, 0,0,0,2,9
1.87, 15.35, 0,0,0,2,9
1.88, 15.40, 0,0,0,2,9
1.89, 15.45, 0,0,0,2,9
1.90, 15.50, 0,0,0,2,9
1.91, 15.55, 0,0,0,2,9
1.92, 15.60, 0,0,0,2,9
1.93, 15.65, 0,0,0,2,9
1.94, 15.70, 0,0,0,2,9
1.95, 15.75, 0,0,0,2,9
1.96, 15.80, 0,0,0,2,9
1.97, 15.85, 0,0,0,2,9
1.98, 15.90, 0,0,0,2,9
1.99, 15.95, 0,0,0,2,9
2.00, 16.00, 0,0,0,2,9
2.01, 17.05, 0,0,0,2,9
2.02, 17.10, 0,0,0,2,9
2.03, 17.15, 0,0,0,2,9
2.04, 17.20, 0,0,0,2,9
2.05, 17.25, 0,0,0,2,9
2.06, 17.30, 0,0,0,2,9
2.07, 17.35, 0,0,0,2,9
2.08, 17.40, 0,0,0,2,9
2.09, 17.45, 0,0,0,2,9
2.10, 17.50, 0,0,0,2,9
2.11, 17.55, 0,0,0,2,9
2.12, 17.60, 0,0,0,2,9
2.13, 17.65, 0,0,0,2,9
2.14, 17.70, 0,0,0,2,9
2.15, 17.75, 0,0,0,2,9
2.16, 17.80, 0,0,0,2,9
2.17, 17.85, 0,0,0,2,9
2.18, 17.90, 0,0,0,2,9
2.19, 17.95, 0,0,0,2,9
2.20, 18.00, 0,0,0,2,9
2.21, 18.05, 0,0,0,2,9
2.22, 18.10, 0,0,0,2,9
2.23, 18.15, 0,0,0,2,9
2.24, 18.20, 0,0,0,2,9
2.25, 18.25, 0,0,0,2,9
2.26, 18.30, 0,0,0,2,9
2.27, 18.35, 0,0,0,2,9
2.28, 18.40, 0,0,0,2,9
2.29, 18.45, 0,0,0,2,9
2.30, 18.50, 0,0,0,2,9
2.31, 18.55, 0,0,0,2,9
2.32, 18.60, 0,0,0,2,9
2.33, 18.65, 0,0,0,2,9
2.34, 18.70, 0,0,0,2,9
2.35, 18.75, 0,0,0,2,9
2.36, 18.80, 0,0,0,2,9
2.37, 18.85, 0,0,0,2,9
2.38, 18.90, 0,0,0,2,9
2.39, 18.95, 0,0,0,2,9
2.40, 19.00, 0,0,0,2,9
2.41, 19.05, 0,0,0,2,9
2.42, 19.10, 0,0,0,2,9
2.43, 19.15, 0,0,0,2,9
2.44, 19.20, 0,0,0,2,9
2.45, 19.25, 0,0,0,2,9
2.46, 19.30, 0,0,0,2,9
2.47, 19.35, 0,0,0,2,9
2.48, 19.40, 0,0,0,2,9
2.49, 19.45, 0,0,0,2,9
2.50, 19.50, 0,0,0,2,9
2.51, 19.55, 0,0,0,2,9
2.52, 19.60, 0,0,0,2,9
2.53, 19.65, 0,0,0,2,9
2.54, 19.70, 0,0,0,2,9
2.55, 19.75, 0,0,0,2,9
2.56, 19.80, 0,0,0,2,9
2.57, 19.85, 0,0,0,2,9
2.58, 19.90, 0,0,0,2,9
2.59, 19.95, 0,0,0,2,9
2.60, 20.00, 0,0,0,2,9
2.61, 20.05, 0,0,0,2,9
2.62, 20.10, 0,0,0,2,9
2.63, 20.15, 0,0,0,2,9
2.64, 20.20, 0,0,0,2,9
2.65, 20.25, 0,0,0,2,9
2.66, 20.30, 0,0,0,2,9
2.67, 20.35, 0,0,0,2,9
2.68, 20.40, 0,0,0,2,9
2.69, 20.45, 0,0,0,2,9
2.70, 20.50, 0,0,0,2,9
2.71, 20.55, 0,0,0,2,9
2.72, 20.60, 0,0,0,2,9
2.73, 20.65, 0,0,0,2,9
2.74, 20.70, 0,0,0,2,9
2.75, 20.75, 0,0,0,2,9
2.76, 20.80, 0,0,0,2,9
2.77, 20.85, 0,0,0,2,9
2.78, 20.90, 0,0,0,2,9
2.79, 20.95, 0,0,0,2,9
2.80, 21.00, 0,0,0,2,9
2.81, 21.05, 0,0,0,2,9
2.82, 21.10, 0,0,0,2,9
2.83, 21.15, 0,0,0,2,9
2.84, 21.20, 0,0,0,2,9
2.85, 21.25, 0,0,0,2,9
2.86, 21.30, 0,0,0,2,9
2.87, 21.35, 0,0,0,2,9
2.88, 21.40, 0,0,0,2,9
2.89, 21.45, 0,0,0,2,9
2.90, 21.50, 0,0,0,2,9
2.91, 21.55, 0,0,0,2,9
2.92, 21.60, 0,0,0,2,9
2.93, 21.65, 0,0,0,2,9
2.94, 21.70, 0,0,0,2,9
2.95, 21.75, 0,0,0,2,9
2.96, 21.80, 0,0,0,2,9
2.97, 21.85, 0,0,0,2,9
2.98, 21.90, 0,0,0,2,9
2.99, 21.95, 0,0,0,2,9
3.00, 22.00, 0,0,0,2,9


# Region: outre-mer OM1
# Colissimo France sans recommande ECO
::rate,weight,price,signature,deposit,tracking,region,recommanded
0.5, 7.90,  0,1,0,2,7
  1, 10.20,  0,1,0,2,7
  2,12.05,  0,1,0,2,7
  3,13.90,  0,1,0,2,7
  4,15.75,  0,1,0,2,7
  5,17.60,  0,1,0,2,7
  6,19.45,  0,1,0,2,7
  7,21.30,  0,1,0,2,7
  8,23.15,  0,1,0,2,7
  9,25.00,  0,1,0,2,7
 10,26.85,  0,1,0,2,7
 15,36.35,  0,1,0,2,7
 20,45.85,  0,1,0,2,7
 25,55.35,  0,1,0,2,7
 30,64.85,  0,1,0,2,7

# Region: outre-mer OM1
# Colissimo France avec recommande CR0
::rate,weight,price,signature,deposit,tracking,region,recommanded
0.5,  8.70,  0,1,1,2,1
  1, 13.15,  0,1,1,2,1
  2, 17.95,  0,1,1,2,1
  3, 22.75,  0,1,1,2,1
  4, 27.55,  0,1,1,2,1
  5, 32.35,  0,1,1,2,1
  6, 37.15,  0,1,1,2,1
  7, 41.95,  0,1,1,2,1
  8, 46.75,  0,1,1,2,1
  9, 51.55,  0,1,1,2,1
 10, 56.35,  0,1,1,2,1
 15, 80.35,  0,1,1,2,1
 20,104.35,  0,1,1,2,1
 25,128.35,  0,1,1,2,1
 30,152.35,  0,1,1,2,1

# Region: outre-mer OM1
# Colissimo France avec recommande CR1
::rate,weight,price,signature,deposit,tracking,region,recommanded
0.5, 11.20,  1,1,1,2,2
  1, 15.65,  1,1,1,2,2
  2, 20.45,  1,1,1,2,2
  3, 25.25,  1,1,1,2,2
  4, 30.05,  1,1,1,2,2
  5, 34.85,  1,1,1,2,2
  6, 39.65,  1,1,1,2,2
  7, 44.45,  1,1,1,2,2
  8, 49.25,  1,1,1,2,2
  9, 54.05,  1,1,1,2,2
 10, 58.85,  1,1,1,2,2
 15, 82.85,  1,1,1,2,2
 20,106.85,  1,1,1,2,2
 25,130.85,  1,1,1,2,2
 30,154.85,  1,1,1,2,2

# Region: outre-mer OM1
# Colissimo France avec recommande CR2
::rate,weight,price,signature,deposit,tracking,region,recommanded
0.5, 12.10,  1,1,1,2,3
  1, 16.55,  1,1,1,2,3
  2, 21.35,  1,1,1,2,3
  3, 26.15,  1,1,1,2,3
  4, 30.95,  1,1,1,2,3
  5, 35.75,  1,1,1,2,3
  6, 40.55,  1,1,1,2,3
  7, 45.35,  1,1,1,2,3
  8, 50.15,  1,1,1,2,3
  9, 54.95,  1,1,1,2,3
 10, 59.75,  1,1,1,2,3
 15, 83.75,  1,1,1,2,3
 20,107.75,  1,1,1,2,3
 25,131.75,  1,1,1,2,3
 30,155.75,  1,1,1,2,3

# Region: outre-mer OM1
# Colissimo France avec recommande CR3
::rate,weight,price,signature,deposit,tracking,region,recommanded
0.5, 13.30,  1,1,1,2,4
  1, 17.75,  1,1,1,2,4
  2, 22.55,  1,1,1,2,4
  3, 27.35,  1,1,1,2,4
  4, 32.15,  1,1,1,2,4
  5, 36.95,  1,1,1,2,4
  6, 41.75,  1,1,1,2,4
  7, 46.55,  1,1,1,2,4
  8, 51.35,  1,1,1,2,4
  9, 56.15,  1,1,1,2,4
 10, 60.95,  1,1,1,2,4
 15, 84.95,  1,1,1,2,4
 20,108.95,  1,1,1,2,4
 25,132.95,  1,1,1,2,4
 30,156.95,  1,1,1,2,4

# Region: outre-mer OM1
# Colissimo France avec recommande CR4
::rate,weight,price,signature,deposit,tracking,region,recommanded
0.5, 14.50,  1,1,1,2,5
  1, 18.95,  1,1,1,2,5
  2, 23.75,  1,1,1,2,5
  3, 28.55,  1,1,1,2,5
  4, 33.35,  1,1,1,2,5
  5, 38.15,  1,1,1,2,5
  6, 42.95,  1,1,1,2,5
  7, 47.75,  1,1,1,2,5
  8, 52.55,  1,1,1,2,5
  9, 57.35,  1,1,1,2,5
 10, 62.15,  1,1,1,2,5
 15, 86.15,  1,1,1,2,5
 20,110.15,  1,1,1,2,5
 25,134.15,  1,1,1,2,5
 30,158.15,  1,1,1,2,5

# Region: outre-mer OM1
# Colissimo France avec recommande CR5
::rate,weight,price,signature,deposit,tracking,region,recommanded
0.5, 15.70,  1,1,1,2,6
  1, 20.15,  1,1,1,2,6
  2, 24.95,  1,1,1,2,6
  3, 29.75,  1,1,1,2,6
  4, 34.55,  1,1,1,2,6
  5, 39.35,  1,1,1,2,6
  6, 44.15,  1,1,1,2,6
  7, 48.95,  1,1,1,2,6
  8, 53.75,  1,1,1,2,6
  9, 58.55,  1,1,1,2,6
 10, 63.35,  1,1,1,2,6
 15, 87.35,  1,1,1,2,6
 20,111.35,  1,1,1,2,6
 25,135.35,  1,1,1,2,6
 30,159.35,  1,1,1,2,6

##### OM2

# Region: outre-mer OM2
# Lettre verte outre-mer OM2 LV
::rate,weight,price,signature,deposit,tracking,region,recommanded
0.01, 0.72, 0,0,0,3,8
0.02, 0.83, 0,0,0,3,8
0.03, 1.35, 0,0,0,3,8
0.04, 1.46, 0,0,0,3,8
0.05, 1.57, 0,0,0,3,8
0.06, 2.21, 0,0,0,3,8
0.07, 2.32, 0,0,0,3,8
0.08, 2.43, 0,0,0,3,8
0.09, 2.54, 0,0,0,3,8
0.10, 2.65, 0,0,0,3,8
0.11, 3.66, 0,0,0,3,8
0.12, 3.77, 0,0,0,3,8
0.13, 3.88, 0,0,0,3,8
0.14, 3.99, 0,0,0,3,8
0.15, 4.10, 0,0,0,3,8
0.16, 4.21, 0,0,0,3,8
0.17, 4.32, 0,0,0,3,8
0.18, 4.43, 0,0,0,3,8
0.19, 4.54, 0,0,0,3,8
0.20, 4.65, 0,0,0,3,8
0.21, 4.76, 0,0,0,3,8
0.22, 4.87, 0,0,0,3,8
0.23, 4.98, 0,0,0,3,8
0.24, 5.09, 0,0,0,3,8
0.25, 5.20, 0,0,0,3,8
0.26, 6.16, 0,0,0,3,8
0.27, 6.27, 0,0,0,3,8
0.28, 6.38, 0,0,0,3,8
0.29, 6.49, 0,0,0,3,8
0.30, 6.60, 0,0,0,3,8
0.31, 6.71, 0,0,0,3,8
0.32, 6.82, 0,0,0,3,8
0.33, 6.93, 0,0,0,3,8
0.34, 7.04, 0,0,0,3,8
0.35, 7.15, 0,0,0,3,8
0.36, 7.26, 0,0,0,3,8
0.37, 7.37, 0,0,0,3,8
0.38, 7.48, 0,0,0,3,8
0.39, 7.59, 0,0,0,3,8
0.40, 7.70, 0,0,0,3,8
0.41, 7.81, 0,0,0,3,8
0.42, 7.92, 0,0,0,3,8
0.43, 8.03, 0,0,0,3,8
0.44, 8.14, 0,0,0,3,8
0.45, 8.25, 0,0,0,3,8
0.46, 8.36, 0,0,0,3,8
0.47, 8.47, 0,0,0,3,8
0.48, 8.58, 0,0,0,3,8
0.49, 8.69, 0,0,0,3,8
0.50, 8.80, 0,0,0,3,8
0.51, 9.96, 0,0,0,3,8
0.52, 10.07, 0,0,0,3,8
0.53, 10.18, 0,0,0,3,8
0.54, 10.29, 0,0,0,3,8
0.55, 10.40, 0,0,0,3,8
0.56, 10.51, 0,0,0,3,8
0.57, 10.62, 0,0,0,3,8
0.58, 10.73, 0,0,0,3,8
0.59, 10.84, 0,0,0,3,8
0.60, 10.95, 0,0,0,3,8
0.61, 11.06, 0,0,0,3,8
0.62, 11.17, 0,0,0,3,8
0.63, 11.28, 0,0,0,3,8
0.64, 11.39, 0,0,0,3,8
0.65, 11.50, 0,0,0,3,8
0.66, 11.61, 0,0,0,3,8
0.67, 11.72, 0,0,0,3,8
0.68, 11.83, 0,0,0,3,8
0.69, 11.94, 0,0,0,3,8
0.70, 12.05, 0,0,0,3,8
0.71, 12.16, 0,0,0,3,8
0.72, 12.27, 0,0,0,3,8
0.73, 12.38, 0,0,0,3,8
0.74, 12.49, 0,0,0,3,8
0.75, 12.60, 0,0,0,3,8
0.76, 12.71, 0,0,0,3,8
0.77, 12.82, 0,0,0,3,8
0.78, 12.93, 0,0,0,3,8
0.79, 13.04, 0,0,0,3,8
0.80, 13.15, 0,0,0,3,8
0.81, 13.26, 0,0,0,3,8
0.82, 13.37, 0,0,0,3,8
0.83, 13.48, 0,0,0,3,8
0.84, 13.59, 0,0,0,3,8
0.85, 13.70, 0,0,0,3,8
0.86, 13.81, 0,0,0,3,8
0.87, 13.92, 0,0,0,3,8
0.88, 14.03, 0,0,0,3,8
0.89, 14.14, 0,0,0,3,8
0.90, 14.25, 0,0,0,3,8
0.91, 14.36, 0,0,0,3,8
0.92, 14.47, 0,0,0,3,8
0.93, 14.58, 0,0,0,3,8
0.94, 14.69, 0,0,0,3,8
0.95, 14.80, 0,0,0,3,8
0.96, 14.91, 0,0,0,3,8
0.97, 15.02, 0,0,0,3,8
0.98, 15.13, 0,0,0,3,8
0.99, 15.24, 0,0,0,3,8
1.00, 15.35, 0,0,0,3,8
1.01, 16.76, 0,0,0,3,8
1.02, 16.87, 0,0,0,3,8
1.03, 16.98, 0,0,0,3,8
1.04, 17.09, 0,0,0,3,8
1.05, 17.20, 0,0,0,3,8
1.06, 17.31, 0,0,0,3,8
1.07, 17.42, 0,0,0,3,8
1.08, 17.53, 0,0,0,3,8
1.09, 17.64, 0,0,0,3,8
1.10, 17.75, 0,0,0,3,8
1.11, 17.86, 0,0,0,3,8
1.12, 17.97, 0,0,0,3,8
1.13, 18.08, 0,0,0,3,8
1.14, 18.19, 0,0,0,3,8
1.15, 18.30, 0,0,0,3,8
1.16, 18.41, 0,0,0,3,8
1.17, 18.52, 0,0,0,3,8
1.18, 18.63, 0,0,0,3,8
1.19, 18.74, 0,0,0,3,8
1.20, 18.85, 0,0,0,3,8
1.21, 18.96, 0,0,0,3,8
1.22, 19.07, 0,0,0,3,8
1.23, 19.18, 0,0,0,3,8
1.24, 19.29, 0,0,0,3,8
1.25, 19.40, 0,0,0,3,8
1.26, 19.51, 0,0,0,3,8
1.27, 19.62, 0,0,0,3,8
1.28, 19.73, 0,0,0,3,8
1.29, 19.84, 0,0,0,3,8
1.30, 19.95, 0,0,0,3,8
1.31, 20.06, 0,0,0,3,8
1.32, 20.17, 0,0,0,3,8
1.33, 20.28, 0,0,0,3,8
1.34, 20.39, 0,0,0,3,8
1.35, 20.50, 0,0,0,3,8
1.36, 20.61, 0,0,0,3,8
1.37, 20.72, 0,0,0,3,8
1.38, 20.83, 0,0,0,3,8
1.39, 20.94, 0,0,0,3,8
1.40, 21.05, 0,0,0,3,8
1.41, 21.16, 0,0,0,3,8
1.42, 21.27, 0,0,0,3,8
1.43, 21.38, 0,0,0,3,8
1.44, 21.49, 0,0,0,3,8
1.45, 21.60, 0,0,0,3,8
1.46, 21.71, 0,0,0,3,8
1.47, 21.82, 0,0,0,3,8
1.48, 21.93, 0,0,0,3,8
1.49, 22.04, 0,0,0,3,8
1.50, 22.15, 0,0,0,3,8
1.51, 22.26, 0,0,0,3,8
1.52, 22.37, 0,0,0,3,8
1.53, 22.48, 0,0,0,3,8
1.54, 22.59, 0,0,0,3,8
1.55, 22.70, 0,0,0,3,8
1.56, 22.81, 0,0,0,3,8
1.57, 22.92, 0,0,0,3,8
1.58, 23.03, 0,0,0,3,8
1.59, 23.14, 0,0,0,3,8
1.60, 23.25, 0,0,0,3,8
1.61, 23.36, 0,0,0,3,8
1.62, 23.47, 0,0,0,3,8
1.63, 23.58, 0,0,0,3,8
1.64, 23.69, 0,0,0,3,8
1.65, 23.80, 0,0,0,3,8
1.66, 23.91, 0,0,0,3,8
1.67, 24.02, 0,0,0,3,8
1.68, 24.13, 0,0,0,3,8
1.69, 24.24, 0,0,0,3,8
1.70, 24.35, 0,0,0,3,8
1.71, 24.46, 0,0,0,3,8
1.72, 24.57, 0,0,0,3,8
1.73, 24.68, 0,0,0,3,8
1.74, 24.79, 0,0,0,3,8
1.75, 24.90, 0,0,0,3,8
1.76, 25.01, 0,0,0,3,8
1.77, 25.12, 0,0,0,3,8
1.78, 25.23, 0,0,0,3,8
1.79, 25.34, 0,0,0,3,8
1.80, 25.45, 0,0,0,3,8
1.81, 25.56, 0,0,0,3,8
1.82, 25.67, 0,0,0,3,8
1.83, 25.78, 0,0,0,3,8
1.84, 25.89, 0,0,0,3,8
1.85, 26.00, 0,0,0,3,8
1.86, 26.11, 0,0,0,3,8
1.87, 26.22, 0,0,0,3,8
1.88, 26.33, 0,0,0,3,8
1.89, 26.44, 0,0,0,3,8
1.90, 26.55, 0,0,0,3,8
1.91, 26.66, 0,0,0,3,8
1.92, 26.77, 0,0,0,3,8
1.93, 26.88, 0,0,0,3,8
1.94, 26.99, 0,0,0,3,8
1.95, 27.10, 0,0,0,3,8
1.96, 27.21, 0,0,0,3,8
1.97, 27.32, 0,0,0,3,8
1.98, 27.43, 0,0,0,3,8
1.99, 27.54, 0,0,0,3,8
2.00, 27.65, 0,0,0,3,8
2.01, 28.66, 0,0,0,3,8
2.02, 28.77, 0,0,0,3,8
2.03, 28.88, 0,0,0,3,8
2.04, 28.99, 0,0,0,3,8
2.05, 29.10, 0,0,0,3,8
2.06, 29.21, 0,0,0,3,8
2.07, 29.32, 0,0,0,3,8
2.08, 29.43, 0,0,0,3,8
2.09, 29.54, 0,0,0,3,8
2.10, 29.65, 0,0,0,3,8
2.11, 29.76, 0,0,0,3,8
2.12, 29.87, 0,0,0,3,8
2.13, 29.98, 0,0,0,3,8
2.14, 30.09, 0,0,0,3,8
2.15, 30.20, 0,0,0,3,8
2.16, 30.31, 0,0,0,3,8
2.17, 30.42, 0,0,0,3,8
2.18, 30.53, 0,0,0,3,8
2.19, 30.64, 0,0,0,3,8
2.20, 30.75, 0,0,0,3,8
2.21, 30.86, 0,0,0,3,8
2.22, 30.97, 0,0,0,3,8
2.23, 31.08, 0,0,0,3,8
2.24, 31.19, 0,0,0,3,8
2.25, 31.30, 0,0,0,3,8
2.26, 31.41, 0,0,0,3,8
2.27, 31.52, 0,0,0,3,8
2.28, 31.63, 0,0,0,3,8
2.29, 31.74, 0,0,0,3,8
2.30, 31.85, 0,0,0,3,8
2.31, 31.96, 0,0,0,3,8
2.32, 32.07, 0,0,0,3,8
2.33, 32.18, 0,0,0,3,8
2.34, 32.29, 0,0,0,3,8
2.35, 32.40, 0,0,0,3,8
2.36, 32.51, 0,0,0,3,8
2.37, 32.62, 0,0,0,3,8
2.38, 32.73, 0,0,0,3,8
2.39, 32.84, 0,0,0,3,8
2.40, 32.95, 0,0,0,3,8
2.41, 33.06, 0,0,0,3,8
2.42, 33.17, 0,0,0,3,8
2.43, 33.28, 0,0,0,3,8
2.44, 33.39, 0,0,0,3,8
2.45, 33.50, 0,0,0,3,8
2.46, 33.61, 0,0,0,3,8
2.47, 33.72, 0,0,0,3,8
2.48, 33.83, 0,0,0,3,8
2.49, 33.94, 0,0,0,3,8
2.50, 34.05, 0,0,0,3,8
2.51, 34.16, 0,0,0,3,8
2.52, 34.27, 0,0,0,3,8
2.53, 34.38, 0,0,0,3,8
2.54, 34.49, 0,0,0,3,8
2.55, 34.60, 0,0,0,3,8
2.56, 34.71, 0,0,0,3,8
2.57, 34.82, 0,0,0,3,8
2.58, 34.93, 0,0,0,3,8
2.59, 35.04, 0,0,0,3,8
2.60, 35.15, 0,0,0,3,8
2.61, 35.26, 0,0,0,3,8
2.62, 35.37, 0,0,0,3,8
2.63, 35.48, 0,0,0,3,8
2.64, 35.59, 0,0,0,3,8
2.65, 35.70, 0,0,0,3,8
2.66, 35.81, 0,0,0,3,8
2.67, 35.92, 0,0,0,3,8
2.68, 36.03, 0,0,0,3,8
2.69, 36.14, 0,0,0,3,8
2.70, 36.25, 0,0,0,3,8
2.71, 36.36, 0,0,0,3,8
2.72, 36.47, 0,0,0,3,8
2.73, 36.58, 0,0,0,3,8
2.74, 36.69, 0,0,0,3,8
2.75, 36.80, 0,0,0,3,8
2.76, 36.91, 0,0,0,3,8
2.77, 37.02, 0,0,0,3,8
2.78, 37.13, 0,0,0,3,8
2.79, 37.24, 0,0,0,3,8
2.80, 37.35, 0,0,0,3,8
2.81, 37.46, 0,0,0,3,8
2.82, 37.57, 0,0,0,3,8
2.83, 37.68, 0,0,0,3,8
2.84, 37.79, 0,0,0,3,8
2.85, 37.90, 0,0,0,3,8
2.86, 38.01, 0,0,0,3,8
2.87, 38.12, 0,0,0,3,8
2.88, 38.23, 0,0,0,3,8
2.89, 38.34, 0,0,0,3,8
2.90, 38.45, 0,0,0,3,8
2.91, 38.56, 0,0,0,3,8
2.92, 38.67, 0,0,0,3,8
2.93, 38.78, 0,0,0,3,8
2.94, 38.89, 0,0,0,3,8
2.95, 39.00, 0,0,0,3,8
2.96, 39.11, 0,0,0,3,8
2.97, 39.22, 0,0,0,3,8
2.98, 39.33, 0,0,0,3,8
2.99, 39.44, 0,0,0,3,8
3.00, 39.55, 0,0,0,3,8


# Region: outre-mer OM2
# Colissimo France sans recommande ECO
::rate,weight,price,signature,deposit,tracking,region,recommanded
0.5, 10.30,  0,1,0,3,7
  1, 14.10,  0,1,0,3,7
  2, 24.80,  0,1,0,3,7
  3, 35.50,  0,1,0,3,7
  4, 46.20,  0,1,0,3,7
  5, 56.90,  0,1,0,3,7
  6, 67.60,  0,1,0,3,7
  7, 78.30,  0,1,0,3,7
  8, 89.00,  0,1,0,3,7
  9, 99.70,  0,1,0,3,7
 10, 110.40,  0,1,0,3,7
 15, 163.90,  0,1,0,3,7
 20, 217.40,  0,1,0,3,7
 25, 270.90,  0,1,0,3,7
 30, 324.40,  0,1,0,3,7


# Region: outre-mer OM2
# Lettre prioritaire outre-mer OM2 LP
::rate,weight,price,signature,deposit,tracking,region,recommanded
0.01, 0.77, 0,0,0,3,9
0.02, 0.88, 0,0,0,3,9
0.03, 1.43, 0,0,0,3,9
0.04, 1.54, 0,0,0,3,9
0.05, 1.65, 0,0,0,3,9
0.06, 2.31, 0,0,0,3,9
0.07, 2.42, 0,0,0,3,9
0.08, 2.53, 0,0,0,3,9
0.09, 2.64, 0,0,0,3,9
0.10, 2.75, 0,0,0,3,9
0.11, 3.86, 0,0,0,3,9
0.12, 3.97, 0,0,0,3,9
0.13, 4.08, 0,0,0,3,9
0.14, 4.19, 0,0,0,3,9
0.15, 4.30, 0,0,0,3,9
0.16, 4.41, 0,0,0,3,9
0.17, 4.52, 0,0,0,3,9
0.18, 4.63, 0,0,0,3,9
0.19, 4.74, 0,0,0,3,9
0.20, 4.85, 0,0,0,3,9
0.21, 4.96, 0,0,0,3,9
0.22, 5.07, 0,0,0,3,9
0.23, 5.18, 0,0,0,3,9
0.24, 5.29, 0,0,0,3,9
0.25, 5.40, 0,0,0,3,9
0.26, 6.41, 0,0,0,3,9
0.27, 6.52, 0,0,0,3,9
0.28, 6.63, 0,0,0,3,9
0.29, 6.74, 0,0,0,3,9
0.30, 6.85, 0,0,0,3,9
0.31, 6.96, 0,0,0,3,9
0.32, 7.07, 0,0,0,3,9
0.33, 7.18, 0,0,0,3,9
0.34, 7.29, 0,0,0,3,9
0.35, 7.40, 0,0,0,3,9
0.36, 7.51, 0,0,0,3,9
0.37, 7.62, 0,0,0,3,9
0.38, 7.73, 0,0,0,3,9
0.39, 7.84, 0,0,0,3,9
0.40, 7.95, 0,0,0,3,9
0.41, 8.06, 0,0,0,3,9
0.42, 8.17, 0,0,0,3,9
0.43, 8.28, 0,0,0,3,9
0.44, 8.39, 0,0,0,3,9
0.45, 8.50, 0,0,0,3,9
0.46, 8.61, 0,0,0,3,9
0.47, 8.72, 0,0,0,3,9
0.48, 8.83, 0,0,0,3,9
0.49, 8.94, 0,0,0,3,9
0.50, 9.05, 0,0,0,3,9
0.51, 10.26, 0,0,0,3,9
0.52, 10.37, 0,0,0,3,9
0.53, 10.48, 0,0,0,3,9
0.54, 10.59, 0,0,0,3,9
0.55, 10.70, 0,0,0,3,9
0.56, 10.81, 0,0,0,3,9
0.57, 10.92, 0,0,0,3,9
0.58, 11.03, 0,0,0,3,9
0.59, 11.14, 0,0,0,3,9
0.60, 11.25, 0,0,0,3,9
0.61, 11.36, 0,0,0,3,9
0.62, 11.47, 0,0,0,3,9
0.63, 11.58, 0,0,0,3,9
0.64, 11.69, 0,0,0,3,9
0.65, 11.80, 0,0,0,3,9
0.66, 11.91, 0,0,0,3,9
0.67, 12.02, 0,0,0,3,9
0.68, 12.13, 0,0,0,3,9
0.69, 12.24, 0,0,0,3,9
0.70, 12.35, 0,0,0,3,9
0.71, 12.46, 0,0,0,3,9
0.72, 12.57, 0,0,0,3,9
0.73, 12.68, 0,0,0,3,9
0.74, 12.79, 0,0,0,3,9
0.75, 12.90, 0,0,0,3,9
0.76, 13.01, 0,0,0,3,9
0.77, 13.12, 0,0,0,3,9
0.78, 13.23, 0,0,0,3,9
0.79, 13.34, 0,0,0,3,9
0.80, 13.45, 0,0,0,3,9
0.81, 13.56, 0,0,0,3,9
0.82, 13.67, 0,0,0,3,9
0.83, 13.78, 0,0,0,3,9
0.84, 13.89, 0,0,0,3,9
0.85, 14.00, 0,0,0,3,9
0.86, 14.11, 0,0,0,3,9
0.87, 14.22, 0,0,0,3,9
0.88, 14.33, 0,0,0,3,9
0.89, 14.44, 0,0,0,3,9
0.90, 14.55, 0,0,0,3,9
0.91, 14.66, 0,0,0,3,9
0.92, 14.77, 0,0,0,3,9
0.93, 14.88, 0,0,0,3,9
0.94, 14.99, 0,0,0,3,9
0.95, 15.10, 0,0,0,3,9
0.96, 15.21, 0,0,0,3,9
0.97, 15.32, 0,0,0,3,9
0.98, 15.43, 0,0,0,3,9
0.99, 15.54, 0,0,0,3,9
1.00, 15.65, 0,0,0,3,9
1.01, 17.11, 0,0,0,3,9
1.02, 17.22, 0,0,0,3,9
1.03, 17.33, 0,0,0,3,9
1.04, 17.44, 0,0,0,3,9
1.05, 17.55, 0,0,0,3,9
1.06, 17.66, 0,0,0,3,9
1.07, 17.77, 0,0,0,3,9
1.08, 17.88, 0,0,0,3,9
1.09, 17.99, 0,0,0,3,9
1.10, 18.10, 0,0,0,3,9
1.11, 18.21, 0,0,0,3,9
1.12, 18.32, 0,0,0,3,9
1.13, 18.43, 0,0,0,3,9
1.14, 18.54, 0,0,0,3,9
1.15, 18.65, 0,0,0,3,9
1.16, 18.76, 0,0,0,3,9
1.17, 18.87, 0,0,0,3,9
1.18, 18.98, 0,0,0,3,9
1.19, 19.09, 0,0,0,3,9
1.20, 19.20, 0,0,0,3,9
1.21, 19.31, 0,0,0,3,9
1.22, 19.42, 0,0,0,3,9
1.23, 19.53, 0,0,0,3,9
1.24, 19.64, 0,0,0,3,9
1.25, 19.75, 0,0,0,3,9
1.26, 19.86, 0,0,0,3,9
1.27, 19.97, 0,0,0,3,9
1.28, 20.08, 0,0,0,3,9
1.29, 20.19, 0,0,0,3,9
1.30, 20.30, 0,0,0,3,9
1.31, 20.41, 0,0,0,3,9
1.32, 20.52, 0,0,0,3,9
1.33, 20.63, 0,0,0,3,9
1.34, 20.74, 0,0,0,3,9
1.35, 20.85, 0,0,0,3,9
1.36, 20.96, 0,0,0,3,9
1.37, 21.07, 0,0,0,3,9
1.38, 21.18, 0,0,0,3,9
1.39, 21.29, 0,0,0,3,9
1.40, 21.40, 0,0,0,3,9
1.41, 21.51, 0,0,0,3,9
1.42, 21.62, 0,0,0,3,9
1.43, 21.73, 0,0,0,3,9
1.44, 21.84, 0,0,0,3,9
1.45, 21.95, 0,0,0,3,9
1.46, 22.06, 0,0,0,3,9
1.47, 22.17, 0,0,0,3,9
1.48, 22.28, 0,0,0,3,9
1.49, 22.39, 0,0,0,3,9
1.50, 22.50, 0,0,0,3,9
1.51, 22.61, 0,0,0,3,9
1.52, 22.72, 0,0,0,3,9
1.53, 22.83, 0,0,0,3,9
1.54, 22.94, 0,0,0,3,9
1.55, 23.05, 0,0,0,3,9
1.56, 23.16, 0,0,0,3,9
1.57, 23.27, 0,0,0,3,9
1.58, 23.38, 0,0,0,3,9
1.59, 23.49, 0,0,0,3,9
1.60, 23.60, 0,0,0,3,9
1.61, 23.71, 0,0,0,3,9
1.62, 23.82, 0,0,0,3,9
1.63, 23.93, 0,0,0,3,9
1.64, 24.04, 0,0,0,3,9
1.65, 24.15, 0,0,0,3,9
1.66, 24.26, 0,0,0,3,9
1.67, 24.37, 0,0,0,3,9
1.68, 24.48, 0,0,0,3,9
1.69, 24.59, 0,0,0,3,9
1.70, 24.70, 0,0,0,3,9
1.71, 24.81, 0,0,0,3,9
1.72, 24.92, 0,0,0,3,9
1.73, 25.03, 0,0,0,3,9
1.74, 25.14, 0,0,0,3,9
1.75, 25.25, 0,0,0,3,9
1.76, 25.36, 0,0,0,3,9
1.77, 25.47, 0,0,0,3,9
1.78, 25.58, 0,0,0,3,9
1.79, 25.69, 0,0,0,3,9
1.80, 25.80, 0,0,0,3,9
1.81, 25.91, 0,0,0,3,9
1.82, 26.02, 0,0,0,3,9
1.83, 26.13, 0,0,0,3,9
1.84, 26.24, 0,0,0,3,9
1.85, 26.35, 0,0,0,3,9
1.86, 26.46, 0,0,0,3,9
1.87, 26.57, 0,0,0,3,9
1.88, 26.68, 0,0,0,3,9
1.89, 26.79, 0,0,0,3,9
1.90, 26.90, 0,0,0,3,9
1.91, 27.01, 0,0,0,3,9
1.92, 27.12, 0,0,0,3,9
1.93, 27.23, 0,0,0,3,9
1.94, 27.34, 0,0,0,3,9
1.95, 27.45, 0,0,0,3,9
1.96, 27.56, 0,0,0,3,9
1.97, 27.67, 0,0,0,3,9
1.98, 27.78, 0,0,0,3,9
1.99, 27.89, 0,0,0,3,9
2.00, 28.00, 0,0,0,3,9
2.01, 29.11, 0,0,0,3,9
2.02, 29.22, 0,0,0,3,9
2.03, 29.33, 0,0,0,3,9
2.04, 29.44, 0,0,0,3,9
2.05, 29.55, 0,0,0,3,9
2.06, 29.66, 0,0,0,3,9
2.07, 29.77, 0,0,0,3,9
2.08, 29.88, 0,0,0,3,9
2.09, 29.99, 0,0,0,3,9
2.10, 30.10, 0,0,0,3,9
2.11, 30.21, 0,0,0,3,9
2.12, 30.32, 0,0,0,3,9
2.13, 30.43, 0,0,0,3,9
2.14, 30.54, 0,0,0,3,9
2.15, 30.65, 0,0,0,3,9
2.16, 30.76, 0,0,0,3,9
2.17, 30.87, 0,0,0,3,9
2.18, 30.98, 0,0,0,3,9
2.19, 31.09, 0,0,0,3,9
2.20, 31.20, 0,0,0,3,9
2.21, 31.31, 0,0,0,3,9
2.22, 31.42, 0,0,0,3,9
2.23, 31.53, 0,0,0,3,9
2.24, 31.64, 0,0,0,3,9
2.25, 31.75, 0,0,0,3,9
2.26, 31.86, 0,0,0,3,9
2.27, 31.97, 0,0,0,3,9
2.28, 32.08, 0,0,0,3,9
2.29, 32.19, 0,0,0,3,9
2.30, 32.30, 0,0,0,3,9
2.31, 32.41, 0,0,0,3,9
2.32, 32.52, 0,0,0,3,9
2.33, 32.63, 0,0,0,3,9
2.34, 32.74, 0,0,0,3,9
2.35, 32.85, 0,0,0,3,9
2.36, 32.96, 0,0,0,3,9
2.37, 33.07, 0,0,0,3,9
2.38, 33.18, 0,0,0,3,9
2.39, 33.29, 0,0,0,3,9
2.40, 33.40, 0,0,0,3,9
2.41, 33.51, 0,0,0,3,9
2.42, 33.62, 0,0,0,3,9
2.43, 33.73, 0,0,0,3,9
2.44, 33.84, 0,0,0,3,9
2.45, 33.95, 0,0,0,3,9
2.46, 34.06, 0,0,0,3,9
2.47, 34.17, 0,0,0,3,9
2.48, 34.28, 0,0,0,3,9
2.49, 34.39, 0,0,0,3,9
2.50, 34.50, 0,0,0,3,9
2.51, 34.61, 0,0,0,3,9
2.52, 34.72, 0,0,0,3,9
2.53, 34.83, 0,0,0,3,9
2.54, 34.94, 0,0,0,3,9
2.55, 35.05, 0,0,0,3,9
2.56, 35.16, 0,0,0,3,9
2.57, 35.27, 0,0,0,3,9
2.58, 35.38, 0,0,0,3,9
2.59, 35.49, 0,0,0,3,9
2.60, 35.60, 0,0,0,3,9
2.61, 35.71, 0,0,0,3,9
2.62, 35.82, 0,0,0,3,9
2.63, 35.93, 0,0,0,3,9
2.64, 36.04, 0,0,0,3,9
2.65, 36.15, 0,0,0,3,9
2.66, 36.26, 0,0,0,3,9
2.67, 36.37, 0,0,0,3,9
2.68, 36.48, 0,0,0,3,9
2.69, 36.59, 0,0,0,3,9
2.70, 36.70, 0,0,0,3,9
2.71, 36.81, 0,0,0,3,9
2.72, 36.92, 0,0,0,3,9
2.73, 37.03, 0,0,0,3,9
2.74, 37.14, 0,0,0,3,9
2.75, 37.25, 0,0,0,3,9
2.76, 37.36, 0,0,0,3,9
2.77, 37.47, 0,0,0,3,9
2.78, 37.58, 0,0,0,3,9
2.79, 37.69, 0,0,0,3,9
2.80, 37.80, 0,0,0,3,9
2.81, 37.91, 0,0,0,3,9
2.82, 38.02, 0,0,0,3,9
2.83, 38.13, 0,0,0,3,9
2.84, 38.24, 0,0,0,3,9
2.85, 38.35, 0,0,0,3,9
2.86, 38.46, 0,0,0,3,9
2.87, 38.57, 0,0,0,3,9
2.88, 38.68, 0,0,0,3,9
2.89, 38.79, 0,0,0,3,9
2.90, 38.90, 0,0,0,3,9
2.91, 39.01, 0,0,0,3,9
2.92, 39.12, 0,0,0,3,9
2.93, 39.23, 0,0,0,3,9
2.94, 39.34, 0,0,0,3,9
2.95, 39.45, 0,0,0,3,9
2.96, 39.56, 0,0,0,3,9
2.97, 39.67, 0,0,0,3,9
2.98, 39.78, 0,0,0,3,9
2.99, 39.89, 0,0,0,3,9
3.00, 40.00, 0,0,0,3,9


# Region: outre-mer OM2
# Colissimo France avec recommande R0
::rate,weight,price,signature,deposit,tracking,region,recommanded
0.5, 10.40,  0,1,1,3,1
  1, 15.70,  0,1,1,3,1
  2, 27.70,  0,1,1,3,1
  3, 39.70,  0,1,1,3,1
  4, 51.70,  0,1,1,3,1
  5, 63.70,  0,1,1,3,1
  6, 75.70,  0,1,1,3,1
  7, 87.70,  0,1,1,3,1
  8, 99.70,  0,1,1,3,1
  9, 111.70,  0,1,1,3,1
 10, 123.70,  0,1,1,3,1
 15, 183.70,  0,1,1,3,1
 20, 243.70,  0,1,1,3,1
 25, 303.70,  0,1,1,3,1
 30, 363.70,  0,1,1,3,1

# Region: outre-mer OM2
# Colissimo France avec recommande CR1
::rate,weight,price,signature,deposit,tracking,region,recommanded
0.5, 12.90,  1,1,1,3,2
  1, 18.20,  1,1,1,3,2
  2, 30.20,  1,1,1,3,2
  3, 42.20,  1,1,1,3,2
  4, 54.20,  1,1,1,3,2
  5, 66.20,  1,1,1,3,2
  6, 78.20,  1,1,1,3,2
  7, 90.20,  1,1,1,3,2
  8, 102.20,  1,1,1,3,2
  9, 114.20,  1,1,1,3,2
 10, 126.20,  1,1,1,3,2
 15, 186.20,  1,1,1,3,2
 20, 246.20,  1,1,1,3,2
 25, 306.20,  1,1,1,3,2
 30, 366.20,  1,1,1,3,2

# Region: outre-mer OM2
# Colissimo France avec recommande CR2
::rate,weight,price,signature,deposit,tracking,region,recommanded
0.5, 13.80,  1,1,1,3,3
  1, 19.10,  1,1,1,3,3
  2, 31.10,  1,1,1,3,3
  3, 43.10,  1,1,1,3,3
  4, 55.10,  1,1,1,3,3
  5, 67.10,  1,1,1,3,3
  6, 79.10,  1,1,1,3,3
  7, 91.10,  1,1,1,3,3
  8, 103.10,  1,1,1,3,3
  9, 115.10,  1,1,1,3,3
 10, 127.10,  1,1,1,3,3
 15, 187.10,  1,1,1,3,3
 20, 247.10,  1,1,1,3,3
 25, 307.10,  1,1,1,3,3
 30, 367.10,  1,1,1,3,3

# Region: outre-mer OM2
# Colissimo France avec recommande CR3
::rate,weight,price,signature,deposit,tracking,region,recommanded
0.5, 15.00,  1,1,1,3,4
  1, 20.30,  1,1,1,3,4
  2, 32.30,  1,1,1,3,4
  3, 44.30,  1,1,1,3,4
  4, 56.30,  1,1,1,3,4
  5, 68.30,  1,1,1,3,4
  6, 80.30,  1,1,1,3,4
  7, 92.30,  1,1,1,3,4
  8, 104.30,  1,1,1,3,4
  9, 116.30,  1,1,1,3,4
 10, 128.30,  1,1,1,3,4
 15, 188.30,  1,1,1,3,4
 20, 248.30,  1,1,1,3,4
 25, 308.30,  1,1,1,3,4
 30, 368.30,  1,1,1,3,4

# Region: outre-mer OM2
# Colissimo France avec recommande CR4
::rate,weight,price,signature,deposit,tracking,region,recommanded
0.5, 16.20,  1,1,1,3,5
  1, 21.50,  1,1,1,3,5
  2, 33.50,  1,1,1,3,5
  3, 45.50,  1,1,1,3,5
  4, 57.50,  1,1,1,3,5
  5, 69.50,  1,1,1,3,5
  6, 81.50,  1,1,1,3,5
  7, 93.50,  1,1,1,3,5
  8, 105.50,  1,1,1,3,5
  9, 117.50,  1,1,1,3,5
 10, 129.50,  1,1,1,3,5
 15, 189.50,  1,1,1,3,5
 20, 249.50,  1,1,1,3,5
 25, 309.50,  1,1,1,3,5
 30, 369.50,  1,1,1,3,5

# Region: outre-mer OM2
# Colissimo France avec recommande CR5
::rate,weight,price,signature,deposit,tracking,region,recommanded
0.5, 17.40,  1,1,1,3,6
  1, 22.70,  1,1,1,3,6
  2, 34.70,  1,1,1,3,6
  3, 46.70,  1,1,1,3,6
  4, 58.70,  1,1,1,3,6
  5, 70.70,  1,1,1,3,6
  6, 82.70,  1,1,1,3,6
  7, 94.70,  1,1,1,3,6
  8, 106.70,  1,1,1,3,6
  9, 118.70,  1,1,1,3,6
 10, 130.70,  1,1,1,3,6
 15, 190.70,  1,1,1,3,6
 20, 250.70,  1,1,1,3,6
 25, 310.70,  1,1,1,3,6
 30, 370.70,  1,1,1,3,6


######################### Region: International ######################

# Region: International Zone A
# Colissimo international avec recommande CR0
::rate,weight,price,signature,deposit,tracking,region,recommanded
  1,16.15,  1,1,1,4,1
  2,17.85,  1,1,1,4,1
  3,21.55,  1,1,1,4,1
  4,25.25,  1,1,1,4,1
  5,28.95,  1,1,1,4,1
  6,32.65,  1,1,1,4,1
  7,36.35,  1,1,1,4,1
  8,40.05,  1,1,1,4,1
  9,43.75,  1,1,1,4,1
 10,47.45,  1,1,1,4,1
 15,54.65,  1,1,1,4,1
 20,61.85,  1,1,1,4,1
 25,69.05,  1,1,1,4,1
 30,76.25,  1,1,1,4,1

# Region: International Zone B
# Colissimo international avec recommande CR0
::rate,weight,price,signature,deposit,tracking,region,recommanded
  1,19.80,  1,1,1,5,1
  2,21.70,  1,1,1,5,1
  3,26.25,  1,1,1,5,1
  4,30.80,  1,1,1,5,1
  5,35.35,  1,1,1,5,1
  6,39.90,  1,1,1,5,1
  7,44.45,  1,1,1,5,1
  8,49.00,  1,1,1,5,1
  9,53.55,  1,1,1,5,1
 10,58.10,  1,1,1,5,1
 15,68.50,  1,1,1,5,1
 20,78.90,  1,1,1,5,1

# Region: International Zone C
# Colissimo international avec recommande CR0
::rate,weight,price,signature,deposit,tracking,region,recommanded
  1,23.20,  1,1,1,6,1
  2,31.10,  1,1,1,6,1
  3,40.90,  1,1,1,6,1
  4,50.70,  1,1,1,6,1
  5,60.50,  1,1,1,6,1
  6,70.30,  1,1,1,6,1
  7,80.10,  1,1,1,6,1
  8,89.90,  1,1,1,6,1
  9,99.70,  1,1,1,6,1
 10,109.50,  1,1,1,6,1
 15,133.60,  1,1,1,6,1
 20,157.70,  1,1,1,6,1

# Region: International Zone D
# Colissimo international avec recommande CR0
::rate,weight,price,signature,deposit,tracking,region,recommanded
  1, 26.40,  1,1,1,7,1
  2, 39.70,  1,1,1,7,1
  3, 52.90,  1,1,1,7,1
  4, 66.10,  1,1,1,7,1
  5, 79.30,  1,1,1,7,1
  6, 92.50,  1,1,1,7,1
  7, 105.70,  1,1,1,7,1
  8, 118.90,  1,1,1,7,1
  9, 132.10,  1,1,1,7,1
 10, 145.30,  1,1,1,7,1
 15, 171.30,  1,1,1,7,1
 20, 197.30,  1,1,1,7,1
 

######################### Region: France, Monaco, Andorra ######################

# Region: France, Monaco, Andorra
# Lettre verte France LV
::rate,weight,price,signature,deposit,tracking,region,recommanded
0.02, 0.61, 0,0,0,1,8
0.05, 1.02, 0,0,0,1,8
0.1, 1.55, 0,0,0,1,8
0.25, 2.45, 0,0,0,1,8
0.5, 3.30, 0,0,0,1,8
1, 4.35, 0,0,0,1,8
2, 5.65, 0,0,0,1,8
3, 6.55, 0,0,0,1,8

# Region: France, Monaco, Andorra
# Lettre prioritaire France LP
::rate,weight,price,signature,deposit,tracking,region,recommanded
0.02, 0.66, 0,0,0,1,9
0.05, 1.1, 0,0,0,1,9
0.1, 1.65, 0,0,0,1,9
0.25, 2.65, 0,0,0,1,9
0.5, 3.55, 0,0,0,1,9
1, 4.65, 0,0,0,1,9
2, 6.00, 0,0,0,1,9
3, 7.00, 0,0,0,1,9

# Region: France, Monaco, Andorra
# Lettre recommandée sans accuse France LR1
::rate,weight,price,signature,deposit,tracking,region,recommanded
0.02, 3.5,  1,0,0,1,10
0.05, 3.95,  1,0,0,1,10
0.1, 4.5,  1,0,0,1,10
0.25, 5.5,  1,0,0,1,10
0.5, 6.4,  1,0,0,1,10
1, 7.4,  1,0,0,1,10
2, 8.8,  1,0,0,1,10
3, 9.8,  1,0,0,1,10

# Region: France, Monaco, Andorra
# Lettre recommandée sans accuse France LR2
::rate,weight,price,signature,deposit,tracking,region,recommanded
0.02, 4.15,  1,0,0,1,11
0.05, 4.6,  1,0,0,1,11
0.1, 5.1,  1,0,0,1,11
0.25, 6.15,  1,0,0,1,11
0.5, 7,  1,0,0,1,11
1, 8.05,  1,0,0,1,11
2, 9.4,  1,0,0,1,11
3, 10.4,  1,0,0,1,11

# Region: France, Monaco, Andorra
# Lettre recommandée sans accuse France LR3
::rate,weight,price,signature,deposit,tracking,region,recommanded
0.02, 5.1,  1,0,0,1,12
0.05, 5.5,  1,0,0,1,12
0.1, 6,  1,0,0,1,12
0.25, 7.05,  1,0,0,1,12
0.5, 7.95,  1,0,0,1,12
1, 8.95,  1,0,0,1,12
2, 10.35,  1,0,0,1,12
3, 11.35,  1,0,0,1,12

# Region: France, Monaco, Andorra
# Lettre recommandée avec accuse France LRA1
::rate,weight,price,signature,deposit,tracking,region,recommanded
0.02, 4.55,  1,1,0,1,13
0.05, 5.0,  1,1,0,1,13
0.1, 5.55,  1,1,0,1,13
0.25, 6.55,  1,1,0,1,13
0.5, 7.45,  1,1,0,1,13
1, 8.45,  1,1,0,1,13
2, 9.85,  1,1,0,1,13
3, 10.85,  1,1,0,1,13

# Region: France, Monaco, Andorra
# Lettre recommandée avec accuse France LRA2
::rate,weight,price,signature,deposit,tracking,region,recommanded
0.02, 5.2,  1,1,0,1,14
0.05, 5.65,  1,1,0,1,14
0.1, 6.15,  1,1,0,1,14
0.25, 7.2,  1,1,0,1,14
0.5, 8.05,  1,1,0,1,14
1, 9.1,  1,1,0,1,14
2, 10.45,  1,1,0,1,14
3, 11.45,  1,1,0,1,14

# Region: France, Monaco, Andorra
# Lettre recommandee avec accuse France LRA3
::rate,weight,price,signature,deposit,tracking,region,recommanded
0.02, 6.15,  1,1,0,1,15
0.05, 6.55,  1,1,0,1,15
0.1, 7.05,  1,1,0,1,15
0.25, 8.1,  1,1,0,1,15
0.5, 9.0,  1,1,0,1,15
1, 10.0,  1,1,0,1,15
2, 11.4,  1,1,0,1,15
3, 12.4,  1,1,0,1,15

