#
# Rates from 'La Poste Colissimo' from France / January 2015
#
# This file is part of the django-colissimo module
#
# Official docs:
#    http://www.colissimo.fr/particuliers/envoyer_un_colis/decouvrir_loffre_colissimo/Tarifs_colissimo/Tarifs_colissimo.jsp
# http://www.laposte.fr/Particulier/Consulter-nos-tarifs/Tarifs-Courrier

# This file is parsed by the 'genfixtures.py' script (in the same directory)
# which generates the initial fixture data to load into the database (using syncdb)
#
# Everything after a '#' is ignored (comments)
# Spaces between comas are ignored
# Lines starting with '::' must be a coma-separated line of values for (in this order):
#  model_name,fieldname1,fieldname2,...
#
# Author: Mathias Monnerville <mathias@monnerville.com>
#         Julien Maupetit <julien@maupetit.net> (2012 rates update)
#         Benjamin PIERRE <bp@kapt.mobi> (2013 update)
#         Benjamin PIERRE <bp@kapt.mobi> (2014 updates)
#         Benjamin PIERRE <bp@kapt.mobi> (2015 updates)
#         Benjamin PIERRE <bp@kapt.mobi> (2016 updates)

# All supported regions
::region,name
France - Monaco - Andore
Outre-mer OM1
Outre-mer OM2
International Zone A
International Zone B
International Zone C

# All compensation rates, prices in Euro
::recommanded,level,price
CR0,23 # 23E/kg
CR1,50
CR2,200
CR3,400
CR4,600
CR5,800
ECO,23 # 23E/kg
LV, 0
LP, 0
LR1,16
LR2,153
LR3,458
LRA1,16
LRA2,153
LRA3,458
CES,23
CEXS,23
CEP,69
CEM,69
CEL,115
CEXL,161
CE1B,46
CE2B,115
CE3B,161


######################### Region: France, Monaco, Andorra ######################

# Region: France, Monaco, Andorra
# Colissimo France sans recommande CR0
::rate,weight,price,signature,deposit,tracking,region,recommanded
0.25, 4.90,  0,1,1,1,1
0.5, 6.10,  0,1,1,1,1
0.75, 6.90,  0,1,1,1,1
  1, 7.50,  0,1,1,1,1
  2, 8.50,  0,1,1,1,1
  5,12.50,  0,1,1,1,1
 10,18.50,  0,1,1,1,1
 30,26.50,  0,1,1,1,1


# Region: France, Monaco, Andorra
# Colissimo France avec recommande CR1
::rate,weight,price,signature,deposit,tracking,region,recommanded
 0.25,8.7,1,1,1,1,2
0.5,9.9,1,1,1,1,2
0.75,10.7,1,1,1,1,2
  1,11.3,1,1,1,1,2
  2,12.3,1,1,1,1,2
  5,16.3,1,1,1,1,2
 10,22.3,1,1,1,1,2
 30,30.3,1,1,1,1,2


# Region: France, Monaco, Andorra
# Colissimo France avec recommande CR2
::rate,weight,price,signature,deposit,tracking,region,recommanded
0.25,9.6,1,1,1,1,3
0.5,10.8,1,1,1,1,3
0.75,11.6,1,1,1,1,3
  1,12.2,1,1,1,1,3
  2,13.2,1,1,1,1,3
  5,17.2,1,1,1,1,3
 10,23.2,1,1,1,1,3
 30,31.2,1,1,1,1,3


# Region: France, Monaco, Andorra
# Colissimo France avec recommande CR3
::rate,weight,price,signature,deposit,tracking,region,recommanded
0.25,10.8,1,1,1,1,4
0.5,12,1,1,1,1,4
0.75,12.8,1,1,1,1,4
  1,13.4,1,1,1,1,4
  2,14.4,1,1,1,1,4
  5,18.4,1,1,1,1,4
 10,24.4,1,1,1,1,4
 30,32.4,1,1,1,1,4


# Region: France, Monaco, Andorra
# Colissimo France avec recommande CR4
::rate,weight,price,signature,deposit,tracking,region,recommanded
0.25,12,1,1,1,1,5
0.5,13.2,1,1,1,1,5
0.75,14,1,1,1,1,5
  1,14.6,1,1,1,1,5
  2,15.6,1,1,1,1,5
  5,19.6,1,1,1,1,5
 10,25.6,1,1,1,1,5
 30,33.6,1,1,1,1,5


# Region: France, Monaco, Andorra
# Colissimo France avec recommande CR5
::rate,weight,price,signature,deposit,tracking,region,recommanded
0.25,13.2,1,1,1,1,6
0.5,14.4,1,1,1,1,6
0.75,15.2,1,1,1,1,6
  1,15.8,1,1,1,1,6
  2,16.8,1,1,1,1,6
  5,20.8,1,1,1,1,6
 10,26.8,1,1,1,1,6
 30,34.8,1,1,1,1,6



######################### Region: outre-mer ######################
##### OM1

# Region: outre-mer OM1
# Lettre verte outre-mer OM1 LV
::rate,weight,price,signature,deposit,tracking,region,recommanded
0.01, 0.75, 0,0,0,2,8
0.02, 0.80, 0,0,0,2,8
0.03, 1.55, 0,0,0,2,8
0.04, 1.60, 0,0,0,2,8
0.05, 1.65, 0,0,0,2,8
0.06, 1.70, 0,0,0,2,8
0.07, 1.75, 0,0,0,2,8
0.08, 1.80, 0,0,0,2,8
0.09, 1.85, 0,0,0,2,8
0.10, 1.90, 0,0,0,2,8
0.11, 3.35, 0,0,0,2,8
0.12, 3.40, 0,0,0,2,8
0.13, 3.45, 0,0,0,2,8
0.14, 3.50, 0,0,0,2,8
0.15, 3.55, 0,0,0,2,8
0.16, 3.60, 0,0,0,2,8
0.17, 3.65, 0,0,0,2,8
0.18, 3.70, 0,0,0,2,8
0.19, 3.75, 0,0,0,2,8
0.20, 3.80, 0,0,0,2,8
0.21, 3.85, 0,0,0,2,8
0.22, 3.90, 0,0,0,2,8
0.23, 3.95, 0,0,0,2,8
0.24, 4.00, 0,0,0,2,8
0.25, 4.05, 0,0,0,2,8
0.26, 5.50, 0,0,0,2,8
0.27, 5.55, 0,0,0,2,8
0.28, 5.60, 0,0,0,2,8
0.29, 5.65, 0,0,0,2,8
0.30, 5.70, 0,0,0,2,8
0.31, 5.75, 0,0,0,2,8
0.32, 5.80, 0,0,0,2,8
0.33, 5.85, 0,0,0,2,8
0.34, 5.90, 0,0,0,2,8
0.35, 5.95, 0,0,0,2,8
0.36, 6.00, 0,0,0,2,8
0.37, 6.05, 0,0,0,2,8
0.38, 6.10, 0,0,0,2,8
0.39, 6.15, 0,0,0,2,8
0.40, 6.20, 0,0,0,2,8
0.41, 6.25, 0,0,0,2,8
0.42, 6.30, 0,0,0,2,8
0.43, 6.35, 0,0,0,2,8
0.44, 6.40, 0,0,0,2,8
0.45, 6.45, 0,0,0,2,8
0.46, 6.50, 0,0,0,2,8
0.47, 6.55, 0,0,0,2,8
0.48, 6.60, 0,0,0,2,8
0.49, 6.65, 0,0,0,2,8
0.50, 6.70, 0,0,0,2,8
0.51, 8.15, 0,0,0,2,8
0.52, 8.20, 0,0,0,2,8
0.53, 8.25, 0,0,0,2,8
0.54, 8.30, 0,0,0,2,8
0.55, 8.35, 0,0,0,2,8
0.56, 8.40, 0,0,0,2,8
0.57, 8.45, 0,0,0,2,8
0.58, 8.50, 0,0,0,2,8
0.59, 8.55, 0,0,0,2,8
0.60, 8.60, 0,0,0,2,8
0.61, 8.65, 0,0,0,2,8
0.62, 8.70, 0,0,0,2,8
0.63, 8.75, 0,0,0,2,8
0.64, 8.80, 0,0,0,2,8
0.65, 8.85, 0,0,0,2,8
0.66, 8.90, 0,0,0,2,8
0.67, 8.95, 0,0,0,2,8
0.68, 9.00, 0,0,0,2,8
0.69, 9.05, 0,0,0,2,8
0.70, 9.10, 0,0,0,2,8
0.71, 9.15, 0,0,0,2,8
0.72, 9.20, 0,0,0,2,8
0.73, 9.25, 0,0,0,2,8
0.74, 9.30, 0,0,0,2,8
0.75, 9.35, 0,0,0,2,8
0.76, 9.40, 0,0,0,2,8
0.77, 9.45, 0,0,0,2,8
0.78, 9.50, 0,0,0,2,8
0.79, 9.55, 0,0,0,2,8
0.80, 9.60, 0,0,0,2,8
0.81, 9.65, 0,0,0,2,8
0.82, 9.70, 0,0,0,2,8
0.83, 9.75, 0,0,0,2,8
0.84, 9.80, 0,0,0,2,8
0.85, 9.85, 0,0,0,2,8
0.86, 9.90, 0,0,0,2,8
0.87, 9.95, 0,0,0,2,8
0.88, 10.00, 0,0,0,2,8
0.89, 10.05, 0,0,0,2,8
0.90, 10.10, 0,0,0,2,8
0.91, 10.15, 0,0,0,2,8
0.92, 10.20, 0,0,0,2,8
0.93, 10.25, 0,0,0,2,8
0.94, 10.30, 0,0,0,2,8
0.95, 10.35, 0,0,0,2,8
0.96, 10.40, 0,0,0,2,8
0.97, 10.45, 0,0,0,2,8
0.98, 10.50, 0,0,0,2,8
0.99, 10.55, 0,0,0,2,8
1.00, 10.60, 0,0,0,2,8
1.01, 10.65, 0,0,0,2,8
1.02, 10.70, 0,0,0,2,8
1.03, 10.75, 0,0,0,2,8
1.04, 10.80, 0,0,0,2,8
1.05, 10.85, 0,0,0,2,8
1.06, 10.90, 0,0,0,2,8
1.07, 10.95, 0,0,0,2,8
1.08, 11.00, 0,0,0,2,8
1.09, 11.05, 0,0,0,2,8
1.10, 11.10, 0,0,0,2,8
1.11, 11.15, 0,0,0,2,8
1.12, 11.20, 0,0,0,2,8
1.13, 11.25, 0,0,0,2,8
1.14, 11.30, 0,0,0,2,8
1.15, 11.35, 0,0,0,2,8
1.16, 11.40, 0,0,0,2,8
1.17, 11.45, 0,0,0,2,8
1.18, 11.50, 0,0,0,2,8
1.19, 11.55, 0,0,0,2,8
1.20, 11.60, 0,0,0,2,8
1.21, 11.65, 0,0,0,2,8
1.22, 11.70, 0,0,0,2,8
1.23, 11.75, 0,0,0,2,8
1.24, 11.80, 0,0,0,2,8
1.25, 11.85, 0,0,0,2,8
1.26, 11.90, 0,0,0,2,8
1.27, 11.95, 0,0,0,2,8
1.28, 12.00, 0,0,0,2,8
1.29, 12.05, 0,0,0,2,8
1.30, 12.10, 0,0,0,2,8
1.31, 12.15, 0,0,0,2,8
1.32, 12.20, 0,0,0,2,8
1.33, 12.25, 0,0,0,2,8
1.34, 12.30, 0,0,0,2,8
1.35, 12.35, 0,0,0,2,8
1.36, 12.40, 0,0,0,2,8
1.37, 12.45, 0,0,0,2,8
1.38, 12.50, 0,0,0,2,8
1.39, 12.55, 0,0,0,2,8
1.40, 12.60, 0,0,0,2,8
1.41, 12.65, 0,0,0,2,8
1.42, 12.70, 0,0,0,2,8
1.43, 12.75, 0,0,0,2,8
1.44, 12.80, 0,0,0,2,8
1.45, 12.85, 0,0,0,2,8
1.46, 12.90, 0,0,0,2,8
1.47, 12.95, 0,0,0,2,8
1.48, 13.00, 0,0,0,2,8
1.49, 13.05, 0,0,0,2,8
1.50, 13.10, 0,0,0,2,8
1.51, 13.15, 0,0,0,2,8
1.52, 13.20, 0,0,0,2,8
1.53, 13.25, 0,0,0,2,8
1.54, 13.30, 0,0,0,2,8
1.55, 13.35, 0,0,0,2,8
1.56, 13.40, 0,0,0,2,8
1.57, 13.45, 0,0,0,2,8
1.58, 13.50, 0,0,0,2,8
1.59, 13.55, 0,0,0,2,8
1.60, 13.60, 0,0,0,2,8
1.61, 13.65, 0,0,0,2,8
1.62, 13.70, 0,0,0,2,8
1.63, 13.75, 0,0,0,2,8
1.64, 13.80, 0,0,0,2,8
1.65, 13.85, 0,0,0,2,8
1.66, 13.90, 0,0,0,2,8
1.67, 13.95, 0,0,0,2,8
1.68, 14.00, 0,0,0,2,8
1.69, 14.05, 0,0,0,2,8
1.70, 14.10, 0,0,0,2,8
1.71, 14.15, 0,0,0,2,8
1.72, 14.20, 0,0,0,2,8
1.73, 14.25, 0,0,0,2,8
1.74, 14.30, 0,0,0,2,8
1.75, 14.35, 0,0,0,2,8
1.76, 14.40, 0,0,0,2,8
1.77, 14.45, 0,0,0,2,8
1.78, 14.50, 0,0,0,2,8
1.79, 14.55, 0,0,0,2,8
1.80, 14.60, 0,0,0,2,8
1.81, 14.65, 0,0,0,2,8
1.82, 14.70, 0,0,0,2,8
1.83, 14.75, 0,0,0,2,8
1.84, 14.80, 0,0,0,2,8
1.85, 14.85, 0,0,0,2,8
1.86, 14.90, 0,0,0,2,8
1.87, 14.95, 0,0,0,2,8
1.88, 15.00, 0,0,0,2,8
1.89, 15.05, 0,0,0,2,8
1.90, 15.10, 0,0,0,2,8
1.91, 15.15, 0,0,0,2,8
1.92, 15.20, 0,0,0,2,8
1.93, 15.25, 0,0,0,2,8
1.94, 15.30, 0,0,0,2,8
1.95, 15.35, 0,0,0,2,8
1.96, 15.40, 0,0,0,2,8
1.97, 15.45, 0,0,0,2,8
1.98, 15.50, 0,0,0,2,8
1.99, 15.55, 0,0,0,2,8
2.00, 15.60, 0,0,0,2,8
2.01, 15.65, 0,0,0,2,8
2.02, 15.70, 0,0,0,2,8
2.03, 15.75, 0,0,0,2,8
2.04, 15.80, 0,0,0,2,8
2.05, 15.85, 0,0,0,2,8
2.06, 15.90, 0,0,0,2,8
2.07, 15.95, 0,0,0,2,8
2.08, 16.00, 0,0,0,2,8
2.09, 16.05, 0,0,0,2,8
2.10, 16.10, 0,0,0,2,8
2.11, 16.15, 0,0,0,2,8
2.12, 16.20, 0,0,0,2,8
2.13, 16.25, 0,0,0,2,8
2.14, 16.30, 0,0,0,2,8
2.15, 16.35, 0,0,0,2,8
2.16, 16.40, 0,0,0,2,8
2.17, 16.45, 0,0,0,2,8
2.18, 16.50, 0,0,0,2,8
2.19, 16.55, 0,0,0,2,8
2.20, 16.60, 0,0,0,2,8
2.21, 16.65, 0,0,0,2,8
2.22, 16.70, 0,0,0,2,8
2.23, 16.75, 0,0,0,2,8
2.24, 16.80, 0,0,0,2,8
2.25, 16.85, 0,0,0,2,8
2.26, 16.90, 0,0,0,2,8
2.27, 16.95, 0,0,0,2,8
2.28, 17.00, 0,0,0,2,8
2.29, 17.05, 0,0,0,2,8
2.30, 17.10, 0,0,0,2,8
2.31, 17.15, 0,0,0,2,8
2.32, 17.20, 0,0,0,2,8
2.33, 17.25, 0,0,0,2,8
2.34, 17.30, 0,0,0,2,8
2.35, 17.35, 0,0,0,2,8
2.36, 17.40, 0,0,0,2,8
2.37, 17.45, 0,0,0,2,8
2.38, 17.50, 0,0,0,2,8
2.39, 17.55, 0,0,0,2,8
2.40, 17.60, 0,0,0,2,8
2.41, 17.65, 0,0,0,2,8
2.42, 17.70, 0,0,0,2,8
2.43, 17.75, 0,0,0,2,8
2.44, 17.80, 0,0,0,2,8
2.45, 17.85, 0,0,0,2,8
2.46, 17.90, 0,0,0,2,8
2.47, 17.95, 0,0,0,2,8
2.48, 18.00, 0,0,0,2,8
2.49, 18.05, 0,0,0,2,8
2.50, 18.10, 0,0,0,2,8
2.51, 18.15, 0,0,0,2,8
2.52, 18.20, 0,0,0,2,8
2.53, 18.25, 0,0,0,2,8
2.54, 18.30, 0,0,0,2,8
2.55, 18.35, 0,0,0,2,8
2.56, 18.40, 0,0,0,2,8
2.57, 18.45, 0,0,0,2,8
2.58, 18.50, 0,0,0,2,8
2.59, 18.55, 0,0,0,2,8
2.60, 18.60, 0,0,0,2,8
2.61, 18.65, 0,0,0,2,8
2.62, 18.70, 0,0,0,2,8
2.63, 18.75, 0,0,0,2,8
2.64, 18.80, 0,0,0,2,8
2.65, 18.85, 0,0,0,2,8
2.66, 18.90, 0,0,0,2,8
2.67, 18.95, 0,0,0,2,8
2.68, 19.00, 0,0,0,2,8
2.69, 19.05, 0,0,0,2,8
2.70, 19.10, 0,0,0,2,8
2.71, 19.15, 0,0,0,2,8
2.72, 19.20, 0,0,0,2,8
2.73, 19.25, 0,0,0,2,8
2.74, 19.30, 0,0,0,2,8
2.75, 19.35, 0,0,0,2,8
2.76, 19.40, 0,0,0,2,8
2.77, 19.45, 0,0,0,2,8
2.78, 19.50, 0,0,0,2,8
2.79, 19.55, 0,0,0,2,8
2.80, 19.60, 0,0,0,2,8
2.81, 19.65, 0,0,0,2,8
2.82, 19.70, 0,0,0,2,8
2.83, 19.75, 0,0,0,2,8
2.84, 19.80, 0,0,0,2,8
2.85, 19.85, 0,0,0,2,8
2.86, 19.90, 0,0,0,2,8
2.87, 19.95, 0,0,0,2,8
2.88, 20.00, 0,0,0,2,8
2.89, 20.05, 0,0,0,2,8
2.90, 20.10, 0,0,0,2,8
2.91, 20.15, 0,0,0,2,8
2.92, 20.20, 0,0,0,2,8
2.93, 20.25, 0,0,0,2,8
2.94, 20.30, 0,0,0,2,8
2.95, 20.35, 0,0,0,2,8
2.96, 20.40, 0,0,0,2,8
2.97, 20.45, 0,0,0,2,8
2.98, 20.50, 0,0,0,2,8
2.99, 20.55, 0,0,0,2,8
3.00, 20.60, 0,0,0,2,8


# Region: outre-mer OM1
# Lettre prioritaire outre-mer OM1 LP
::rate,weight,price,signature,deposit,tracking,region,recommanded
0.01, 0.85, 0,0,0,2,9
0.02, 0.90, 0,0,0,2,9
0.03, 1.75, 0,0,0,2,9
0.04, 1.80, 0,0,0,2,9
0.05, 1.85, 0,0,0,2,9
0.06, 1.90, 0,0,0,2,9
0.07, 1.95, 0,0,0,2,9
0.08, 2.00, 0,0,0,2,9
0.09, 2.05, 0,0,0,2,9
0.10, 2.10, 0,0,0,2,9
0.11, 3.75, 0,0,0,2,9
0.12, 3.80, 0,0,0,2,9
0.13, 3.85, 0,0,0,2,9
0.14, 3.90, 0,0,0,2,9
0.15, 3.95, 0,0,0,2,9
0.16, 4.00, 0,0,0,2,9
0.17, 4.05, 0,0,0,2,9
0.18, 4.10, 0,0,0,2,9
0.19, 4.15, 0,0,0,2,9
0.20, 4.20, 0,0,0,2,9
0.21, 4.25, 0,0,0,2,9
0.22, 4.30, 0,0,0,2,9
0.23, 4.35, 0,0,0,2,9
0.24, 4.40, 0,0,0,2,9
0.25, 4.45, 0,0,0,2,9
0.26, 6.10, 0,0,0,2,9
0.27, 6.15, 0,0,0,2,9
0.28, 6.20, 0,0,0,2,9
0.29, 6.25, 0,0,0,2,9
0.30, 6.30, 0,0,0,2,9
0.31, 6.35, 0,0,0,2,9
0.32, 6.40, 0,0,0,2,9
0.33, 6.45, 0,0,0,2,9
0.34, 6.50, 0,0,0,2,9
0.35, 6.55, 0,0,0,2,9
0.36, 6.60, 0,0,0,2,9
0.37, 6.65, 0,0,0,2,9
0.38, 6.70, 0,0,0,2,9
0.39, 6.75, 0,0,0,2,9
0.40, 6.80, 0,0,0,2,9
0.41, 6.85, 0,0,0,2,9
0.42, 6.90, 0,0,0,2,9
0.43, 6.95, 0,0,0,2,9
0.44, 7.00, 0,0,0,2,9
0.45, 7.05, 0,0,0,2,9
0.46, 7.10, 0,0,0,2,9
0.47, 7.15, 0,0,0,2,9
0.48, 7.20, 0,0,0,2,9
0.49, 7.25, 0,0,0,2,9
0.50, 7.30, 0,0,0,2,9
0.51, 8.95, 0,0,0,2,9
0.52, 9.00, 0,0,0,2,9
0.53, 9.05, 0,0,0,2,9
0.54, 9.10, 0,0,0,2,9
0.55, 9.15, 0,0,0,2,9
0.56, 9.20, 0,0,0,2,9
0.57, 9.25, 0,0,0,2,9
0.58, 9.30, 0,0,0,2,9
0.59, 9.35, 0,0,0,2,9
0.60, 9.40, 0,0,0,2,9
0.61, 9.45, 0,0,0,2,9
0.62, 9.50, 0,0,0,2,9
0.63, 9.55, 0,0,0,2,9
0.64, 9.60, 0,0,0,2,9
0.65, 9.65, 0,0,0,2,9
0.66, 9.70, 0,0,0,2,9
0.67, 9.75, 0,0,0,2,9
0.68, 9.80, 0,0,0,2,9
0.69, 9.85, 0,0,0,2,9
0.70, 9.90, 0,0,0,2,9
0.71, 9.95, 0,0,0,2,9
0.72, 10.00, 0,0,0,2,9
0.73, 10.05, 0,0,0,2,9
0.74, 10.10, 0,0,0,2,9
0.75, 10.15, 0,0,0,2,9
0.76, 10.20, 0,0,0,2,9
0.77, 10.25, 0,0,0,2,9
0.78, 10.30, 0,0,0,2,9
0.79, 10.35, 0,0,0,2,9
0.80, 10.40, 0,0,0,2,9
0.81, 10.45, 0,0,0,2,9
0.82, 10.50, 0,0,0,2,9
0.83, 10.55, 0,0,0,2,9
0.84, 10.60, 0,0,0,2,9
0.85, 10.65, 0,0,0,2,9
0.86, 10.70, 0,0,0,2,9
0.87, 10.75, 0,0,0,2,9
0.88, 10.80, 0,0,0,2,9
0.89, 10.85, 0,0,0,2,9
0.90, 10.90, 0,0,0,2,9
0.91, 10.95, 0,0,0,2,9
0.92, 11.00, 0,0,0,2,9
0.93, 11.05, 0,0,0,2,9
0.94, 11.10, 0,0,0,2,9
0.95, 11.15, 0,0,0,2,9
0.96, 11.20, 0,0,0,2,9
0.97, 11.25, 0,0,0,2,9
0.98, 11.30, 0,0,0,2,9
0.99, 11.35, 0,0,0,2,9
1.00, 11.40, 0,0,0,2,9
1.01, 11.45, 0,0,0,2,9
1.02, 11.50, 0,0,0,2,9
1.03, 11.55, 0,0,0,2,9
1.04, 11.60, 0,0,0,2,9
1.05, 11.65, 0,0,0,2,9
1.06, 11.70, 0,0,0,2,9
1.07, 11.75, 0,0,0,2,9
1.08, 11.80, 0,0,0,2,9
1.09, 11.85, 0,0,0,2,9
1.10, 11.90, 0,0,0,2,9
1.11, 11.95, 0,0,0,2,9
1.12, 12.00, 0,0,0,2,9
1.13, 12.05, 0,0,0,2,9
1.14, 12.10, 0,0,0,2,9
1.15, 12.15, 0,0,0,2,9
1.16, 12.20, 0,0,0,2,9
1.17, 12.25, 0,0,0,2,9
1.18, 12.30, 0,0,0,2,9
1.19, 12.35, 0,0,0,2,9
1.20, 12.40, 0,0,0,2,9
1.21, 12.45, 0,0,0,2,9
1.22, 12.50, 0,0,0,2,9
1.23, 12.55, 0,0,0,2,9
1.24, 12.60, 0,0,0,2,9
1.25, 12.65, 0,0,0,2,9
1.26, 12.70, 0,0,0,2,9
1.27, 12.75, 0,0,0,2,9
1.28, 12.80, 0,0,0,2,9
1.29, 12.85, 0,0,0,2,9
1.30, 12.90, 0,0,0,2,9
1.31, 12.95, 0,0,0,2,9
1.32, 13.00, 0,0,0,2,9
1.33, 13.05, 0,0,0,2,9
1.34, 13.10, 0,0,0,2,9
1.35, 13.15, 0,0,0,2,9
1.36, 13.20, 0,0,0,2,9
1.37, 13.25, 0,0,0,2,9
1.38, 13.30, 0,0,0,2,9
1.39, 13.35, 0,0,0,2,9
1.40, 13.40, 0,0,0,2,9
1.41, 13.45, 0,0,0,2,9
1.42, 13.50, 0,0,0,2,9
1.43, 13.55, 0,0,0,2,9
1.44, 13.60, 0,0,0,2,9
1.45, 13.65, 0,0,0,2,9
1.46, 13.70, 0,0,0,2,9
1.47, 13.75, 0,0,0,2,9
1.48, 13.80, 0,0,0,2,9
1.49, 13.85, 0,0,0,2,9
1.50, 13.90, 0,0,0,2,9
1.51, 13.95, 0,0,0,2,9
1.52, 14.00, 0,0,0,2,9
1.53, 14.05, 0,0,0,2,9
1.54, 14.10, 0,0,0,2,9
1.55, 14.15, 0,0,0,2,9
1.56, 14.20, 0,0,0,2,9
1.57, 14.25, 0,0,0,2,9
1.58, 14.30, 0,0,0,2,9
1.59, 14.35, 0,0,0,2,9
1.60, 14.40, 0,0,0,2,9
1.61, 14.45, 0,0,0,2,9
1.62, 14.50, 0,0,0,2,9
1.63, 14.55, 0,0,0,2,9
1.64, 14.60, 0,0,0,2,9
1.65, 14.65, 0,0,0,2,9
1.66, 14.70, 0,0,0,2,9
1.67, 14.75, 0,0,0,2,9
1.68, 14.80, 0,0,0,2,9
1.69, 14.85, 0,0,0,2,9
1.70, 14.90, 0,0,0,2,9
1.71, 14.95, 0,0,0,2,9
1.72, 15.00, 0,0,0,2,9
1.73, 15.05, 0,0,0,2,9
1.74, 15.10, 0,0,0,2,9
1.75, 15.15, 0,0,0,2,9
1.76, 15.20, 0,0,0,2,9
1.77, 15.25, 0,0,0,2,9
1.78, 15.30, 0,0,0,2,9
1.79, 15.35, 0,0,0,2,9
1.80, 15.40, 0,0,0,2,9
1.81, 15.45, 0,0,0,2,9
1.82, 15.50, 0,0,0,2,9
1.83, 15.55, 0,0,0,2,9
1.84, 15.60, 0,0,0,2,9
1.85, 15.65, 0,0,0,2,9
1.86, 15.70, 0,0,0,2,9
1.87, 15.75, 0,0,0,2,9
1.88, 15.80, 0,0,0,2,9
1.89, 15.85, 0,0,0,2,9
1.90, 15.90, 0,0,0,2,9
1.91, 15.95, 0,0,0,2,9
1.92, 16.00, 0,0,0,2,9
1.93, 16.05, 0,0,0,2,9
1.94, 16.10, 0,0,0,2,9
1.95, 16.15, 0,0,0,2,9
1.96, 16.20, 0,0,0,2,9
1.97, 16.25, 0,0,0,2,9
1.98, 16.30, 0,0,0,2,9
1.99, 16.35, 0,0,0,2,9
2.00, 16.40, 0,0,0,2,9
2.01, 16.45, 0,0,0,2,9
2.02, 16.50, 0,0,0,2,9
2.03, 16.55, 0,0,0,2,9
2.04, 16.60, 0,0,0,2,9
2.05, 16.65, 0,0,0,2,9
2.06, 16.70, 0,0,0,2,9
2.07, 16.75, 0,0,0,2,9
2.08, 16.80, 0,0,0,2,9
2.09, 16.85, 0,0,0,2,9
2.10, 16.90, 0,0,0,2,9
2.11, 16.95, 0,0,0,2,9
2.12, 17.00, 0,0,0,2,9
2.13, 17.05, 0,0,0,2,9
2.14, 17.10, 0,0,0,2,9
2.15, 17.15, 0,0,0,2,9
2.16, 17.20, 0,0,0,2,9
2.17, 17.25, 0,0,0,2,9
2.18, 17.30, 0,0,0,2,9
2.19, 17.35, 0,0,0,2,9
2.20, 17.40, 0,0,0,2,9
2.21, 17.45, 0,0,0,2,9
2.22, 17.50, 0,0,0,2,9
2.23, 17.55, 0,0,0,2,9
2.24, 17.60, 0,0,0,2,9
2.25, 17.65, 0,0,0,2,9
2.26, 17.70, 0,0,0,2,9
2.27, 17.75, 0,0,0,2,9
2.28, 17.80, 0,0,0,2,9
2.29, 17.85, 0,0,0,2,9
2.30, 17.90, 0,0,0,2,9
2.31, 17.95, 0,0,0,2,9
2.32, 18.00, 0,0,0,2,9
2.33, 18.05, 0,0,0,2,9
2.34, 18.10, 0,0,0,2,9
2.35, 18.15, 0,0,0,2,9
2.36, 18.20, 0,0,0,2,9
2.37, 18.25, 0,0,0,2,9
2.38, 18.30, 0,0,0,2,9
2.39, 18.35, 0,0,0,2,9
2.40, 18.40, 0,0,0,2,9
2.41, 18.45, 0,0,0,2,9
2.42, 18.50, 0,0,0,2,9
2.43, 18.55, 0,0,0,2,9
2.44, 18.60, 0,0,0,2,9
2.45, 18.65, 0,0,0,2,9
2.46, 18.70, 0,0,0,2,9
2.47, 18.75, 0,0,0,2,9
2.48, 18.80, 0,0,0,2,9
2.49, 18.85, 0,0,0,2,9
2.50, 18.90, 0,0,0,2,9
2.51, 18.95, 0,0,0,2,9
2.52, 19.00, 0,0,0,2,9
2.53, 19.05, 0,0,0,2,9
2.54, 19.10, 0,0,0,2,9
2.55, 19.15, 0,0,0,2,9
2.56, 19.20, 0,0,0,2,9
2.57, 19.25, 0,0,0,2,9
2.58, 19.30, 0,0,0,2,9
2.59, 19.35, 0,0,0,2,9
2.60, 19.40, 0,0,0,2,9
2.61, 19.45, 0,0,0,2,9
2.62, 19.50, 0,0,0,2,9
2.63, 19.55, 0,0,0,2,9
2.64, 19.60, 0,0,0,2,9
2.65, 19.65, 0,0,0,2,9
2.66, 19.70, 0,0,0,2,9
2.67, 19.75, 0,0,0,2,9
2.68, 19.80, 0,0,0,2,9
2.69, 19.85, 0,0,0,2,9
2.70, 19.90, 0,0,0,2,9
2.71, 19.95, 0,0,0,2,9
2.72, 20.00, 0,0,0,2,9
2.73, 20.05, 0,0,0,2,9
2.74, 20.10, 0,0,0,2,9
2.75, 20.15, 0,0,0,2,9
2.76, 20.20, 0,0,0,2,9
2.77, 20.25, 0,0,0,2,9
2.78, 20.30, 0,0,0,2,9
2.79, 20.35, 0,0,0,2,9
2.80, 20.40, 0,0,0,2,9
2.81, 20.45, 0,0,0,2,9
2.82, 20.50, 0,0,0,2,9
2.83, 20.55, 0,0,0,2,9
2.84, 20.60, 0,0,0,2,9
2.85, 20.65, 0,0,0,2,9
2.86, 20.70, 0,0,0,2,9
2.87, 20.75, 0,0,0,2,9
2.88, 20.80, 0,0,0,2,9
2.89, 20.85, 0,0,0,2,9
2.90, 20.90, 0,0,0,2,9
2.91, 20.95, 0,0,0,2,9
2.92, 21.00, 0,0,0,2,9
2.93, 21.05, 0,0,0,2,9
2.94, 21.10, 0,0,0,2,9
2.95, 21.15, 0,0,0,2,9
2.96, 21.20, 0,0,0,2,9
2.97, 21.25, 0,0,0,2,9
2.98, 21.30, 0,0,0,2,9
2.99, 21.35, 0,0,0,2,9
3.00, 21.40, 0,0,0,2,9


# Region: outre-mer OM1
# Colissimo France sans recommande ECO
::rate,weight,price,signature,deposit,tracking,region,recommanded
0.5, 8.50,  0,1,0,2,7
  1, 11.00,  0,1,0,2,7
  2, 13.50,  0,1,0,2,7
  5, 20.9,  0,1,0,2,7
 10, 30.80,  0,1,0,2,7
 30, 68.90,  0,1,0,2,7

# Region: outre-mer OM1
# Colissimo France avec recommande CR0
::rate,weight,price,signature,deposit,tracking,region,recommanded
0.5,  9.15,  0,1,1,2,1
  1, 13.85,  0,1,1,2,1
  2, 18.90,  0,1,1,2,1
  5, 28.00,  0,1,1,2,1
 10, 45.00,  0,1,1,2,1
 30,101.00,  0,1,1,2,1

# Region: outre-mer OM1
# Colissimo France avec recommande CR1
::rate,weight,price,signature,deposit,tracking,region,recommanded
0.5,12.95,1,1,1,2,2
  1,17.65,1,1,1,2,2
  2,22.7,1,1,1,2,2
  5,31.8,1,1,1,2,2
 10,48.8,1,1,1,2,2
 30,104.8,1,1,1,2,2


# Region: outre-mer OM1
# Colissimo France avec recommande CR2
::rate,weight,price,signature,deposit,tracking,region,recommanded
0.5,13.85,1,1,1,2,3
  1,18.55,1,1,1,2,3
  2,23.6,1,1,1,2,3
  5,32.7,1,1,1,2,3
 10,49.7,1,1,1,2,3
 30,105.7,1,1,1,2,3


# Region: outre-mer OM1
# Colissimo France avec recommande CR3
::rate,weight,price,signature,deposit,tracking,region,recommanded
0.5,15.05,1,1,1,2,4
  1,19.75,1,1,1,2,4
  2,24.8,1,1,1,2,4
  5,33.9,1,1,1,2,4
 10,50.9,1,1,1,2,4
 30,106.9,1,1,1,2,4


# Region: outre-mer OM1
# Colissimo France avec recommande CR4
::rate,weight,price,signature,deposit,tracking,region,recommanded
0.5,26.25,1,1,1,2,5
  1,20.95,1,1,1,2,5
  2,26,1,1,1,2,5
  5,35.1,1,1,1,2,5
 10,52.1,1,1,1,2,5
 30,108.1,1,1,1,2,5


# Region: outre-mer OM1
# Colissimo France avec recommande CR5
::rate,weight,price,signature,deposit,tracking,region,recommanded
0.5,17.45,1,1,1,2,6
  1,22.15,1,1,1,2,6
  2,27.2,1,1,1,2,6
  5,36.3,1,1,1,2,6
 10,53.3,1,1,1,2,6
 30,109.3,1,1,1,2,6


##### OM2

# Region: outre-mer OM2
# Lettre verte outre-mer OM2 LV
::rate,weight,price,signature,deposit,tracking,region,recommanded
0.01, 0.81, 0,0,0,3,8
0.02, 0.92, 0,0,0,3,8
0.03, 1.73, 0,0,0,3,8
0.04, 1.84, 0,0,0,3,8
0.05, 1.95, 0,0,0,3,8
0.06, 2.06, 0,0,0,3,8
0.07, 2.17, 0,0,0,3,8
0.08, 2.28, 0,0,0,3,8
0.09, 2.39, 0,0,0,3,8
0.10, 2.50, 0,0,0,3,8
0.11, 4.01, 0,0,0,3,8
0.12, 4.12, 0,0,0,3,8
0.13, 4.23, 0,0,0,3,8
0.14, 4.34, 0,0,0,3,8
0.15, 4.45, 0,0,0,3,8
0.16, 4.56, 0,0,0,3,8
0.17, 4.67, 0,0,0,3,8
0.18, 4.78, 0,0,0,3,8
0.19, 4.89, 0,0,0,3,8
0.20, 5.00, 0,0,0,3,8
0.21, 5.11, 0,0,0,3,8
0.22, 5.22, 0,0,0,3,8
0.23, 5.33, 0,0,0,3,8
0.24, 5.44, 0,0,0,3,8
0.25, 5.55, 0,0,0,3,8
0.26, 7.06, 0,0,0,3,8
0.27, 7.17, 0,0,0,3,8
0.28, 7.28, 0,0,0,3,8
0.29, 7.39, 0,0,0,3,8
0.30, 7.50, 0,0,0,3,8
0.31, 7.61, 0,0,0,3,8
0.32, 7.72, 0,0,0,3,8
0.33, 7.83, 0,0,0,3,8
0.34, 7.94, 0,0,0,3,8
0.35, 8.05, 0,0,0,3,8
0.36, 8.16, 0,0,0,3,8
0.37, 8.27, 0,0,0,3,8
0.38, 8.38, 0,0,0,3,8
0.39, 8.49, 0,0,0,3,8
0.40, 8.60, 0,0,0,3,8
0.41, 8.71, 0,0,0,3,8
0.42, 8.82, 0,0,0,3,8
0.43, 8.93, 0,0,0,3,8
0.44, 9.04, 0,0,0,3,8
0.45, 9.15, 0,0,0,3,8
0.46, 9.26, 0,0,0,3,8
0.47, 9.37, 0,0,0,3,8
0.48, 9.48, 0,0,0,3,8
0.49, 9.59, 0,0,0,3,8
0.50, 9.70, 0,0,0,3,8
0.51, 11.21, 0,0,0,3,8
0.52, 11.32, 0,0,0,3,8
0.53, 11.43, 0,0,0,3,8
0.54, 11.54, 0,0,0,3,8
0.55, 11.65, 0,0,0,3,8
0.56, 11.76, 0,0,0,3,8
0.57, 11.87, 0,0,0,3,8
0.58, 11.98, 0,0,0,3,8
0.59, 12.09, 0,0,0,3,8
0.60, 12.20, 0,0,0,3,8
0.61, 12.31, 0,0,0,3,8
0.62, 12.42, 0,0,0,3,8
0.63, 12.53, 0,0,0,3,8
0.64, 12.64, 0,0,0,3,8
0.65, 12.75, 0,0,0,3,8
0.66, 12.86, 0,0,0,3,8
0.67, 12.97, 0,0,0,3,8
0.68, 13.08, 0,0,0,3,8
0.69, 13.19, 0,0,0,3,8
0.70, 13.30, 0,0,0,3,8
0.71, 13.41, 0,0,0,3,8
0.72, 13.52, 0,0,0,3,8
0.73, 13.63, 0,0,0,3,8
0.74, 13.74, 0,0,0,3,8
0.75, 13.85, 0,0,0,3,8
0.76, 13.96, 0,0,0,3,8
0.77, 14.07, 0,0,0,3,8
0.78, 14.18, 0,0,0,3,8
0.79, 14.29, 0,0,0,3,8
0.80, 14.40, 0,0,0,3,8
0.81, 14.51, 0,0,0,3,8
0.82, 14.62, 0,0,0,3,8
0.83, 14.73, 0,0,0,3,8
0.84, 14.84, 0,0,0,3,8
0.85, 14.95, 0,0,0,3,8
0.86, 15.06, 0,0,0,3,8
0.87, 15.17, 0,0,0,3,8
0.88, 15.28, 0,0,0,3,8
0.89, 15.39, 0,0,0,3,8
0.90, 15.50, 0,0,0,3,8
0.91, 15.61, 0,0,0,3,8
0.92, 15.72, 0,0,0,3,8
0.93, 15.83, 0,0,0,3,8
0.94, 15.94, 0,0,0,3,8
0.95, 16.05, 0,0,0,3,8
0.96, 16.16, 0,0,0,3,8
0.97, 16.27, 0,0,0,3,8
0.98, 16.38, 0,0,0,3,8
0.99, 16.49, 0,0,0,3,8
1.00, 16.60, 0,0,0,3,8
1.01, 16.71, 0,0,0,3,8
1.02, 16.82, 0,0,0,3,8
1.03, 16.93, 0,0,0,3,8
1.04, 17.04, 0,0,0,3,8
1.05, 17.15, 0,0,0,3,8
1.06, 17.26, 0,0,0,3,8
1.07, 17.37, 0,0,0,3,8
1.08, 17.48, 0,0,0,3,8
1.09, 17.59, 0,0,0,3,8
1.10, 17.70, 0,0,0,3,8
1.11, 17.81, 0,0,0,3,8
1.12, 17.92, 0,0,0,3,8
1.13, 18.03, 0,0,0,3,8
1.14, 18.14, 0,0,0,3,8
1.15, 18.25, 0,0,0,3,8
1.16, 18.36, 0,0,0,3,8
1.17, 18.47, 0,0,0,3,8
1.18, 18.58, 0,0,0,3,8
1.19, 18.69, 0,0,0,3,8
1.20, 18.80, 0,0,0,3,8
1.21, 18.91, 0,0,0,3,8
1.22, 19.02, 0,0,0,3,8
1.23, 19.13, 0,0,0,3,8
1.24, 19.24, 0,0,0,3,8
1.25, 19.35, 0,0,0,3,8
1.26, 19.46, 0,0,0,3,8
1.27, 19.57, 0,0,0,3,8
1.28, 19.68, 0,0,0,3,8
1.29, 19.79, 0,0,0,3,8
1.30, 19.90, 0,0,0,3,8
1.31, 20.01, 0,0,0,3,8
1.32, 20.12, 0,0,0,3,8
1.33, 20.23, 0,0,0,3,8
1.34, 20.34, 0,0,0,3,8
1.35, 20.45, 0,0,0,3,8
1.36, 20.56, 0,0,0,3,8
1.37, 20.67, 0,0,0,3,8
1.38, 20.78, 0,0,0,3,8
1.39, 20.89, 0,0,0,3,8
1.40, 21.00, 0,0,0,3,8
1.41, 21.11, 0,0,0,3,8
1.42, 21.22, 0,0,0,3,8
1.43, 21.33, 0,0,0,3,8
1.44, 21.44, 0,0,0,3,8
1.45, 21.55, 0,0,0,3,8
1.46, 21.66, 0,0,0,3,8
1.47, 21.77, 0,0,0,3,8
1.48, 21.88, 0,0,0,3,8
1.49, 21.99, 0,0,0,3,8
1.50, 22.10, 0,0,0,3,8
1.51, 22.21, 0,0,0,3,8
1.52, 22.32, 0,0,0,3,8
1.53, 22.43, 0,0,0,3,8
1.54, 22.54, 0,0,0,3,8
1.55, 22.65, 0,0,0,3,8
1.56, 22.76, 0,0,0,3,8
1.57, 22.87, 0,0,0,3,8
1.58, 22.98, 0,0,0,3,8
1.59, 23.09, 0,0,0,3,8
1.60, 23.20, 0,0,0,3,8
1.61, 23.31, 0,0,0,3,8
1.62, 23.42, 0,0,0,3,8
1.63, 23.53, 0,0,0,3,8
1.64, 23.64, 0,0,0,3,8
1.65, 23.75, 0,0,0,3,8
1.66, 23.86, 0,0,0,3,8
1.67, 23.97, 0,0,0,3,8
1.68, 24.08, 0,0,0,3,8
1.69, 24.19, 0,0,0,3,8
1.70, 24.30, 0,0,0,3,8
1.71, 24.41, 0,0,0,3,8
1.72, 24.52, 0,0,0,3,8
1.73, 24.63, 0,0,0,3,8
1.74, 24.74, 0,0,0,3,8
1.75, 24.85, 0,0,0,3,8
1.76, 24.96, 0,0,0,3,8
1.77, 25.07, 0,0,0,3,8
1.78, 25.18, 0,0,0,3,8
1.79, 25.29, 0,0,0,3,8
1.80, 25.40, 0,0,0,3,8
1.81, 25.51, 0,0,0,3,8
1.82, 25.62, 0,0,0,3,8
1.83, 25.73, 0,0,0,3,8
1.84, 25.84, 0,0,0,3,8
1.85, 25.95, 0,0,0,3,8
1.86, 26.06, 0,0,0,3,8
1.87, 26.17, 0,0,0,3,8
1.88, 26.28, 0,0,0,3,8
1.89, 26.39, 0,0,0,3,8
1.90, 26.50, 0,0,0,3,8
1.91, 26.61, 0,0,0,3,8
1.92, 26.72, 0,0,0,3,8
1.93, 26.83, 0,0,0,3,8
1.94, 26.94, 0,0,0,3,8
1.95, 27.05, 0,0,0,3,8
1.96, 27.16, 0,0,0,3,8
1.97, 27.27, 0,0,0,3,8
1.98, 27.38, 0,0,0,3,8
1.99, 27.49, 0,0,0,3,8
2.00, 27.60, 0,0,0,3,8
2.01, 27.71, 0,0,0,3,8
2.02, 27.82, 0,0,0,3,8
2.03, 27.93, 0,0,0,3,8
2.04, 28.04, 0,0,0,3,8
2.05, 28.15, 0,0,0,3,8
2.06, 28.26, 0,0,0,3,8
2.07, 28.37, 0,0,0,3,8
2.08, 28.48, 0,0,0,3,8
2.09, 28.59, 0,0,0,3,8
2.10, 28.70, 0,0,0,3,8
2.11, 28.81, 0,0,0,3,8
2.12, 28.92, 0,0,0,3,8
2.13, 29.03, 0,0,0,3,8
2.14, 29.14, 0,0,0,3,8
2.15, 29.25, 0,0,0,3,8
2.16, 29.36, 0,0,0,3,8
2.17, 29.47, 0,0,0,3,8
2.18, 29.58, 0,0,0,3,8
2.19, 29.69, 0,0,0,3,8
2.20, 29.80, 0,0,0,3,8
2.21, 29.91, 0,0,0,3,8
2.22, 30.02, 0,0,0,3,8
2.23, 30.13, 0,0,0,3,8
2.24, 30.24, 0,0,0,3,8
2.25, 30.35, 0,0,0,3,8
2.26, 30.46, 0,0,0,3,8
2.27, 30.57, 0,0,0,3,8
2.28, 30.68, 0,0,0,3,8
2.29, 30.79, 0,0,0,3,8
2.30, 30.90, 0,0,0,3,8
2.31, 31.01, 0,0,0,3,8
2.32, 31.12, 0,0,0,3,8
2.33, 31.23, 0,0,0,3,8
2.34, 31.34, 0,0,0,3,8
2.35, 31.45, 0,0,0,3,8
2.36, 31.56, 0,0,0,3,8
2.37, 31.67, 0,0,0,3,8
2.38, 31.78, 0,0,0,3,8
2.39, 31.89, 0,0,0,3,8
2.40, 32.00, 0,0,0,3,8
2.41, 32.11, 0,0,0,3,8
2.42, 32.22, 0,0,0,3,8
2.43, 32.33, 0,0,0,3,8
2.44, 32.44, 0,0,0,3,8
2.45, 32.55, 0,0,0,3,8
2.46, 32.66, 0,0,0,3,8
2.47, 32.77, 0,0,0,3,8
2.48, 32.88, 0,0,0,3,8
2.49, 32.99, 0,0,0,3,8
2.50, 33.10, 0,0,0,3,8
2.51, 33.21, 0,0,0,3,8
2.52, 33.32, 0,0,0,3,8
2.53, 33.43, 0,0,0,3,8
2.54, 33.54, 0,0,0,3,8
2.55, 33.65, 0,0,0,3,8
2.56, 33.76, 0,0,0,3,8
2.57, 33.87, 0,0,0,3,8
2.58, 33.98, 0,0,0,3,8
2.59, 34.09, 0,0,0,3,8
2.60, 34.20, 0,0,0,3,8
2.61, 34.31, 0,0,0,3,8
2.62, 34.42, 0,0,0,3,8
2.63, 34.53, 0,0,0,3,8
2.64, 34.64, 0,0,0,3,8
2.65, 34.75, 0,0,0,3,8
2.66, 34.86, 0,0,0,3,8
2.67, 34.97, 0,0,0,3,8
2.68, 35.08, 0,0,0,3,8
2.69, 35.19, 0,0,0,3,8
2.70, 35.30, 0,0,0,3,8
2.71, 35.41, 0,0,0,3,8
2.72, 35.52, 0,0,0,3,8
2.73, 35.63, 0,0,0,3,8
2.74, 35.74, 0,0,0,3,8
2.75, 35.85, 0,0,0,3,8
2.76, 35.96, 0,0,0,3,8
2.77, 36.07, 0,0,0,3,8
2.78, 36.18, 0,0,0,3,8
2.79, 36.29, 0,0,0,3,8
2.80, 36.40, 0,0,0,3,8
2.81, 36.51, 0,0,0,3,8
2.82, 36.62, 0,0,0,3,8
2.83, 36.73, 0,0,0,3,8
2.84, 36.84, 0,0,0,3,8
2.85, 36.95, 0,0,0,3,8
2.86, 37.06, 0,0,0,3,8
2.87, 37.17, 0,0,0,3,8
2.88, 37.28, 0,0,0,3,8
2.89, 37.39, 0,0,0,3,8
2.90, 37.50, 0,0,0,3,8
2.91, 37.61, 0,0,0,3,8
2.92, 37.72, 0,0,0,3,8
2.93, 37.83, 0,0,0,3,8
2.94, 37.94, 0,0,0,3,8
2.95, 38.05, 0,0,0,3,8
2.96, 38.16, 0,0,0,3,8
2.97, 38.27, 0,0,0,3,8
2.98, 38.38, 0,0,0,3,8
2.99, 38.49, 0,0,0,3,8
3.00, 38.60, 0,0,0,3,8


# Region: outre-mer OM2
# Colissimo France sans recommande ECO
::rate,weight,price,signature,deposit,tracking,region,recommanded
0.5, 10.80,  0,1,0,3,7
  1, 16.30,  0,1,0,3,7
  2, 29.00,  0,1,0,3,7
  5, 48.00,  0,1,0,3,7
 10, 94.50,  0,1,0,3,7
 30, 248.00,  0,1,0,3,7


# Region: outre-mer OM2
# Lettre prioritaire outre-mer OM2 LP
::rate,weight,price,signature,deposit,tracking,region,recommanded
0.01, 0.91, 0,0,0,3,9
0.02, 1.02, 0,0,0,3,9
0.03, 1.93, 0,0,0,3,9
0.04, 2.04, 0,0,0,3,9
0.05, 2.15, 0,0,0,3,9
0.06, 2.26, 0,0,0,3,9
0.07, 2.37, 0,0,0,3,9
0.08, 2.48, 0,0,0,3,9
0.09, 2.59, 0,0,0,3,9
0.10, 2.70, 0,0,0,3,9
0.11, 4.41, 0,0,0,3,9
0.12, 4.52, 0,0,0,3,9
0.13, 4.63, 0,0,0,3,9
0.14, 4.74, 0,0,0,3,9
0.15, 4.85, 0,0,0,3,9
0.16, 4.96, 0,0,0,3,9
0.17, 5.07, 0,0,0,3,9
0.18, 5.18, 0,0,0,3,9
0.19, 5.29, 0,0,0,3,9
0.20, 5.40, 0,0,0,3,9
0.21, 5.51, 0,0,0,3,9
0.22, 5.62, 0,0,0,3,9
0.23, 5.73, 0,0,0,3,9
0.24, 5.84, 0,0,0,3,9
0.25, 5.95, 0,0,0,3,9
0.26, 7.66, 0,0,0,3,9
0.27, 7.77, 0,0,0,3,9
0.28, 7.88, 0,0,0,3,9
0.29, 7.99, 0,0,0,3,9
0.30, 8.10, 0,0,0,3,9
0.31, 8.21, 0,0,0,3,9
0.32, 8.32, 0,0,0,3,9
0.33, 8.43, 0,0,0,3,9
0.34, 8.54, 0,0,0,3,9
0.35, 8.65, 0,0,0,3,9
0.36, 8.76, 0,0,0,3,9
0.37, 8.87, 0,0,0,3,9
0.38, 8.98, 0,0,0,3,9
0.39, 9.09, 0,0,0,3,9
0.40, 9.20, 0,0,0,3,9
0.41, 9.31, 0,0,0,3,9
0.42, 9.42, 0,0,0,3,9
0.43, 9.53, 0,0,0,3,9
0.44, 9.64, 0,0,0,3,9
0.45, 9.75, 0,0,0,3,9
0.46, 9.86, 0,0,0,3,9
0.47, 9.97, 0,0,0,3,9
0.48, 10.08, 0,0,0,3,9
0.49, 10.19, 0,0,0,3,9
0.50, 10.30, 0,0,0,3,9
0.51, 12.01, 0,0,0,3,9
0.52, 12.12, 0,0,0,3,9
0.53, 12.23, 0,0,0,3,9
0.54, 12.34, 0,0,0,3,9
0.55, 12.45, 0,0,0,3,9
0.56, 12.56, 0,0,0,3,9
0.57, 12.67, 0,0,0,3,9
0.58, 12.78, 0,0,0,3,9
0.59, 12.89, 0,0,0,3,9
0.60, 13.00, 0,0,0,3,9
0.61, 13.11, 0,0,0,3,9
0.62, 13.22, 0,0,0,3,9
0.63, 13.33, 0,0,0,3,9
0.64, 13.44, 0,0,0,3,9
0.65, 13.55, 0,0,0,3,9
0.66, 13.66, 0,0,0,3,9
0.67, 13.77, 0,0,0,3,9
0.68, 13.88, 0,0,0,3,9
0.69, 13.99, 0,0,0,3,9
0.70, 14.10, 0,0,0,3,9
0.71, 14.21, 0,0,0,3,9
0.72, 14.32, 0,0,0,3,9
0.73, 14.43, 0,0,0,3,9
0.74, 14.54, 0,0,0,3,9
0.75, 14.65, 0,0,0,3,9
0.76, 14.76, 0,0,0,3,9
0.77, 14.87, 0,0,0,3,9
0.78, 14.98, 0,0,0,3,9
0.79, 15.09, 0,0,0,3,9
0.80, 15.20, 0,0,0,3,9
0.81, 15.31, 0,0,0,3,9
0.82, 15.42, 0,0,0,3,9
0.83, 15.53, 0,0,0,3,9
0.84, 15.64, 0,0,0,3,9
0.85, 15.75, 0,0,0,3,9
0.86, 15.86, 0,0,0,3,9
0.87, 15.97, 0,0,0,3,9
0.88, 16.08, 0,0,0,3,9
0.89, 16.19, 0,0,0,3,9
0.90, 16.30, 0,0,0,3,9
0.91, 16.41, 0,0,0,3,9
0.92, 16.52, 0,0,0,3,9
0.93, 16.63, 0,0,0,3,9
0.94, 16.74, 0,0,0,3,9
0.95, 16.85, 0,0,0,3,9
0.96, 16.96, 0,0,0,3,9
0.97, 17.07, 0,0,0,3,9
0.98, 17.18, 0,0,0,3,9
0.99, 17.29, 0,0,0,3,9
1.00, 17.40, 0,0,0,3,9
1.01, 17.51, 0,0,0,3,9
1.02, 17.62, 0,0,0,3,9
1.03, 17.73, 0,0,0,3,9
1.04, 17.84, 0,0,0,3,9
1.05, 17.95, 0,0,0,3,9
1.06, 18.06, 0,0,0,3,9
1.07, 18.17, 0,0,0,3,9
1.08, 18.28, 0,0,0,3,9
1.09, 18.39, 0,0,0,3,9
1.10, 18.50, 0,0,0,3,9
1.11, 18.61, 0,0,0,3,9
1.12, 18.72, 0,0,0,3,9
1.13, 18.83, 0,0,0,3,9
1.14, 18.94, 0,0,0,3,9
1.15, 19.05, 0,0,0,3,9
1.16, 19.16, 0,0,0,3,9
1.17, 19.27, 0,0,0,3,9
1.18, 19.38, 0,0,0,3,9
1.19, 19.49, 0,0,0,3,9
1.20, 19.60, 0,0,0,3,9
1.21, 19.71, 0,0,0,3,9
1.22, 19.82, 0,0,0,3,9
1.23, 19.93, 0,0,0,3,9
1.24, 20.04, 0,0,0,3,9
1.25, 20.15, 0,0,0,3,9
1.26, 20.26, 0,0,0,3,9
1.27, 20.37, 0,0,0,3,9
1.28, 20.48, 0,0,0,3,9
1.29, 20.59, 0,0,0,3,9
1.30, 20.70, 0,0,0,3,9
1.31, 20.81, 0,0,0,3,9
1.32, 20.92, 0,0,0,3,9
1.33, 21.03, 0,0,0,3,9
1.34, 21.14, 0,0,0,3,9
1.35, 21.25, 0,0,0,3,9
1.36, 21.36, 0,0,0,3,9
1.37, 21.47, 0,0,0,3,9
1.38, 21.58, 0,0,0,3,9
1.39, 21.69, 0,0,0,3,9
1.40, 21.80, 0,0,0,3,9
1.41, 21.91, 0,0,0,3,9
1.42, 22.02, 0,0,0,3,9
1.43, 22.13, 0,0,0,3,9
1.44, 22.24, 0,0,0,3,9
1.45, 22.35, 0,0,0,3,9
1.46, 22.46, 0,0,0,3,9
1.47, 22.57, 0,0,0,3,9
1.48, 22.68, 0,0,0,3,9
1.49, 22.79, 0,0,0,3,9
1.50, 22.90, 0,0,0,3,9
1.51, 23.01, 0,0,0,3,9
1.52, 23.12, 0,0,0,3,9
1.53, 23.23, 0,0,0,3,9
1.54, 23.34, 0,0,0,3,9
1.55, 23.45, 0,0,0,3,9
1.56, 23.56, 0,0,0,3,9
1.57, 23.67, 0,0,0,3,9
1.58, 23.78, 0,0,0,3,9
1.59, 23.89, 0,0,0,3,9
1.60, 24.00, 0,0,0,3,9
1.61, 24.11, 0,0,0,3,9
1.62, 24.22, 0,0,0,3,9
1.63, 24.33, 0,0,0,3,9
1.64, 24.44, 0,0,0,3,9
1.65, 24.55, 0,0,0,3,9
1.66, 24.66, 0,0,0,3,9
1.67, 24.77, 0,0,0,3,9
1.68, 24.88, 0,0,0,3,9
1.69, 24.99, 0,0,0,3,9
1.70, 25.10, 0,0,0,3,9
1.71, 25.21, 0,0,0,3,9
1.72, 25.32, 0,0,0,3,9
1.73, 25.43, 0,0,0,3,9
1.74, 25.54, 0,0,0,3,9
1.75, 25.65, 0,0,0,3,9
1.76, 25.76, 0,0,0,3,9
1.77, 25.87, 0,0,0,3,9
1.78, 25.98, 0,0,0,3,9
1.79, 26.09, 0,0,0,3,9
1.80, 26.20, 0,0,0,3,9
1.81, 26.31, 0,0,0,3,9
1.82, 26.42, 0,0,0,3,9
1.83, 26.53, 0,0,0,3,9
1.84, 26.64, 0,0,0,3,9
1.85, 26.75, 0,0,0,3,9
1.86, 26.86, 0,0,0,3,9
1.87, 26.97, 0,0,0,3,9
1.88, 27.08, 0,0,0,3,9
1.89, 27.19, 0,0,0,3,9
1.90, 27.30, 0,0,0,3,9
1.91, 27.41, 0,0,0,3,9
1.92, 27.52, 0,0,0,3,9
1.93, 27.63, 0,0,0,3,9
1.94, 27.74, 0,0,0,3,9
1.95, 27.85, 0,0,0,3,9
1.96, 27.96, 0,0,0,3,9
1.97, 28.07, 0,0,0,3,9
1.98, 28.18, 0,0,0,3,9
1.99, 28.29, 0,0,0,3,9
2.00, 28.40, 0,0,0,3,9
2.01, 28.51, 0,0,0,3,9
2.02, 28.62, 0,0,0,3,9
2.03, 28.73, 0,0,0,3,9
2.04, 28.84, 0,0,0,3,9
2.05, 28.95, 0,0,0,3,9
2.06, 29.06, 0,0,0,3,9
2.07, 29.17, 0,0,0,3,9
2.08, 29.28, 0,0,0,3,9
2.09, 29.39, 0,0,0,3,9
2.10, 29.50, 0,0,0,3,9
2.11, 29.61, 0,0,0,3,9
2.12, 29.72, 0,0,0,3,9
2.13, 29.83, 0,0,0,3,9
2.14, 29.94, 0,0,0,3,9
2.15, 30.05, 0,0,0,3,9
2.16, 30.16, 0,0,0,3,9
2.17, 30.27, 0,0,0,3,9
2.18, 30.38, 0,0,0,3,9
2.19, 30.49, 0,0,0,3,9
2.20, 30.60, 0,0,0,3,9
2.21, 30.71, 0,0,0,3,9
2.22, 30.82, 0,0,0,3,9
2.23, 30.93, 0,0,0,3,9
2.24, 31.04, 0,0,0,3,9
2.25, 31.15, 0,0,0,3,9
2.26, 31.26, 0,0,0,3,9
2.27, 31.37, 0,0,0,3,9
2.28, 31.48, 0,0,0,3,9
2.29, 31.59, 0,0,0,3,9
2.30, 31.70, 0,0,0,3,9
2.31, 31.81, 0,0,0,3,9
2.32, 31.92, 0,0,0,3,9
2.33, 32.03, 0,0,0,3,9
2.34, 32.14, 0,0,0,3,9
2.35, 32.25, 0,0,0,3,9
2.36, 32.36, 0,0,0,3,9
2.37, 32.47, 0,0,0,3,9
2.38, 32.58, 0,0,0,3,9
2.39, 32.69, 0,0,0,3,9
2.40, 32.80, 0,0,0,3,9
2.41, 32.91, 0,0,0,3,9
2.42, 33.02, 0,0,0,3,9
2.43, 33.13, 0,0,0,3,9
2.44, 33.24, 0,0,0,3,9
2.45, 33.35, 0,0,0,3,9
2.46, 33.46, 0,0,0,3,9
2.47, 33.57, 0,0,0,3,9
2.48, 33.68, 0,0,0,3,9
2.49, 33.79, 0,0,0,3,9
2.50, 33.90, 0,0,0,3,9
2.51, 34.01, 0,0,0,3,9
2.52, 34.12, 0,0,0,3,9
2.53, 34.23, 0,0,0,3,9
2.54, 34.34, 0,0,0,3,9
2.55, 34.45, 0,0,0,3,9
2.56, 34.56, 0,0,0,3,9
2.57, 34.67, 0,0,0,3,9
2.58, 34.78, 0,0,0,3,9
2.59, 34.89, 0,0,0,3,9
2.60, 35.00, 0,0,0,3,9
2.61, 35.11, 0,0,0,3,9
2.62, 35.22, 0,0,0,3,9
2.63, 35.33, 0,0,0,3,9
2.64, 35.44, 0,0,0,3,9
2.65, 35.55, 0,0,0,3,9
2.66, 35.66, 0,0,0,3,9
2.67, 35.77, 0,0,0,3,9
2.68, 35.88, 0,0,0,3,9
2.69, 35.99, 0,0,0,3,9
2.70, 36.10, 0,0,0,3,9
2.71, 36.21, 0,0,0,3,9
2.72, 36.32, 0,0,0,3,9
2.73, 36.43, 0,0,0,3,9
2.74, 36.54, 0,0,0,3,9
2.75, 36.65, 0,0,0,3,9
2.76, 36.76, 0,0,0,3,9
2.77, 36.87, 0,0,0,3,9
2.78, 36.98, 0,0,0,3,9
2.79, 37.09, 0,0,0,3,9
2.80, 37.20, 0,0,0,3,9
2.81, 37.31, 0,0,0,3,9
2.82, 37.42, 0,0,0,3,9
2.83, 37.53, 0,0,0,3,9
2.84, 37.64, 0,0,0,3,9
2.85, 37.75, 0,0,0,3,9
2.86, 37.86, 0,0,0,3,9
2.87, 37.97, 0,0,0,3,9
2.88, 38.08, 0,0,0,3,9
2.89, 38.19, 0,0,0,3,9
2.90, 38.30, 0,0,0,3,9
2.91, 38.41, 0,0,0,3,9
2.92, 38.52, 0,0,0,3,9
2.93, 38.63, 0,0,0,3,9
2.94, 38.74, 0,0,0,3,9
2.95, 38.85, 0,0,0,3,9
2.96, 38.96, 0,0,0,3,9
2.97, 39.07, 0,0,0,3,9
2.98, 39.18, 0,0,0,3,9
2.99, 39.29, 0,0,0,3,9
3.00, 39.40, 0,0,0,3,9


# Region: outre-mer OM2
# Colissimo France avec recommande R0
::rate,weight,price,signature,deposit,tracking,region,recommanded
0.5, 10.95,  0,1,1,3,1
  1, 16.55,  0,1,1,3,1
  2, 29.20,  0,1,1,3,1
  5, 48.50,  0,1,1,3,1
 10, 95.00,  0,1,1,3,1
 30, 250.00,  0,1,1,3,1

# Region: outre-mer OM2
# Colissimo France avec recommande CR1
::rate,weight,price,signature,deposit,tracking,region,recommanded
0.5,14.75,1,1,1,3,2
  1,20.35,1,1,1,3,2
  2,33,1,1,1,3,2
  5,52.3,1,1,1,3,2
 10,98.8,1,1,1,3,2
 30,253.8,1,1,1,3,2

# Region: outre-mer OM2
# Colissimo France avec recommande CR2
::rate,weight,price,signature,deposit,tracking,region,recommanded
0.5,15.65,1,1,1,3,3
  1,21.25,1,1,1,3,3
  2,33.9,1,1,1,3,3
  5,53.2,1,1,1,3,3
 10,99.7,1,1,1,3,3
 30,254.7,1,1,1,3,3


# Region: outre-mer OM2
# Colissimo France avec recommande CR3
::rate,weight,price,signature,deposit,tracking,region,recommanded
0.5,16.85,1,1,1,3,4
  1,22.45,1,1,1,3,4
  2,35.1,1,1,1,3,4
  5,54.4,1,1,1,3,4
 10,100.9,1,1,1,3,4
 30,255.9,1,1,1,3,4


# Region: outre-mer OM2
# Colissimo France avec recommande CR4
::rate,weight,price,signature,deposit,tracking,region,recommanded
0.5,18.05,1,1,1,3,5
  1,23.65,1,1,1,3,5
  2,36.3,1,1,1,3,5
  5,55.6,1,1,1,3,5
 10,102.1,1,1,1,3,5
 30,257.1,1,1,1,3,5


# Region: outre-mer OM2
# Colissimo France avec recommande CR5
::rate,weight,price,signature,deposit,tracking,region,recommanded
0.5,19.25,1,1,1,3,6
  1,24.85,1,1,1,3,6
  2,37.5,1,1,1,3,6
  5,56.8,1,1,1,3,6
 10,103.3,1,1,1,3,6
 30,258.3,1,1,1,3,6



######################### Region: International ######################

# Region: International Zone A
# Colissimo international avec recommande CR0
::rate,weight,price,signature,deposit,tracking,region,recommanded
  0.5,12.15,  1,1,1,4,1
  1,14.85,  1,1,1,4,1
  2,16.50,  1,1,1,4,1
  5,21.20,  1,1,1,4,1
 10,35.00,  1,1,1,4,1
 20,58.00,  1,1,1,4,1
 30,58.00,  1,1,1,4,1

# Region: International Zone B
# Colissimo international avec recommande CR0
::rate,weight,price,signature,deposit,tracking,region,recommanded
  0.5,16.20,  1,1,1,5,1
  1,19.35,  1,1,1,5,1
  2,21.05,  1,1,1,5,1
  5,27.00,  1,1,1,5,1
 10,45.00,  1,1,1,5,1
 20,70.00,  1,1,1,5,1

# Region: International Zone C
# Colissimo international avec recommande CR0
::rate,weight,price,signature,deposit,tracking,region,recommanded
  0.5,23.70,  1,1,1,6,1
  1,26.30,  1,1,1,6,1
  2,36.10,  1,1,1,6,1
  5,53.00,  1,1,1,6,1
 10,100.00,  1,1,1,6,1
 20,160.00,  1,1,1,6,1


######################### Region: France, Monaco, Andorra ######################

# Region: France, Monaco, Andorra
# Lettre verte France LV
::rate,weight,price,signature,deposit,tracking,region,recommanded
0.02, 0.7, 0,0,0,1,8
0.1, 1.40, 0,0,0,1,8
0.25, 2.8, 0,0,0,1,8
0.5, 4.2, 0,0,0,1,8
3, 5.6, 0,0,0,1,8

# Region: France, Monaco, Andorra
# Lettre prioritaire France LP
::rate,weight,price,signature,deposit,tracking,region,recommanded
0.02, 0.80, 0,0,0,1,9
0.1, 1.60, 0,0,0,1,9
0.25, 3.2, 0,0,0,1,9
0.5, 4.80, 0,0,0,1,9
3, 6.40, 0,0,0,1,9

# Region: France, Monaco, Andorra
# Lettre recommandée sans accuse France LR1
::rate,weight,price,signature,deposit,tracking,region,recommanded
0.02, 3.77,  1,0,0,1,10
0.05, 4.27,  1,0,0,1,10
0.1, 4.85,  1,0,0,1,10
0.25, 5.93,  1,0,0,1,10
0.5, 6.91,  1,0,0,1,10
1, 7.99,  1,0,0,1,10
2, 9.50,  1,0,0,1,10
3, 10.58,  1,0,0,1,10

# Region: France, Monaco, Andorra
# Lettre recommandée sans accuse France LR2
::rate,weight,price,signature,deposit,tracking,region,recommanded
0.02, 4.48,  1,0,0,1,11
0.05, 4.97,  1,0,0,1,11
0.1, 5.50,  1,0,0,1,11
0.25, 6.63,  1,0,0,1,11
0.5, 7.56,  1,0,0,1,11
1, 8.69,  1,0,0,1,11
2, 10.15,  1,0,0,1,11
3, 11.22,  1,0,0,1,11

# Region: France, Monaco, Andorra
# Lettre recommandée sans accuse France LR3
::rate,weight,price,signature,deposit,tracking,region,recommanded
0.02, 5.50,  1,0,0,1,12
0.05, 5.93,  1,0,0,1,12
0.1, 6.48,  1,0,0,1,12
0.25, 7.61,  1,0,0,1,12
0.5, 8.57,  1,0,0,1,12
1, 9.65,  1,0,0,1,12
2, 11.16,  1,0,0,1,12
3, 12.24,  1,0,0,1,12

# Region: France, Monaco, Andorra
# Lettre recommandée avec accuse France LRA1
::rate,weight,price,signature,deposit,tracking,region,recommanded
0.02,4.92,1,1,0,1,13
0.05,5.42,1,1,0,1,13
0.1,6,1,1,0,1,13
0.25,7.08,1,1,0,1,13
0.5,8.06,1,1,0,1,13
1,9.14,1,1,0,1,13
2,10.65,1,1,0,1,13
3,11.73,1,1,0,1,13

# Region: France, Monaco, Andorra
# Lettre recommandée avec accuse France LRA2
::rate,weight,price,signature,deposit,tracking,region,recommanded
0.02,5.63,1,1,0,1,14
0.05,6.12,1,1,0,1,14
0.1,6.65,1,1,0,1,14
0.25,7.78,1,1,0,1,14
0.5,8.71,1,1,0,1,14
1,9.84,1,1,0,1,14
2,11.3,1,1,0,1,14
3,12.37,1,1,0,1,14


# Region: France, Monaco, Andorra
# Lettre recommandee avec accuse France LRA3
::rate,weight,price,signature,deposit,tracking,region,recommanded
0.02,6.65,1,1,0,1,15
0.05,7.08,1,1,0,1,15
0.1,7.63,1,1,0,1,15
0.25,8.76,1,1,0,1,15
0.5,9.72,1,1,0,1,15
1,10.8,1,1,0,1,15
2,12.31,1,1,0,1,15
3,13.39,1,1,0,1,15

### Not used, not filled
# Region: France, Monaco, Andorra
# Colissimo emballage France sans recommande taille Small CES
#::rate,weight,price,signature,deposit,tracking,region,recommanded
#1, 7.90,  0,1,1,1,16

# Region: France, Monaco, Andorra
# Colissimo emballage France sans recommande taille XS CEXS
#::rate,weight,price,signature,deposit,tracking,region,recommanded
#1, 7.90,  0,1,1,1,17

# Region: France, Monaco, Andorra
# Colissimo emballage France sans recommande taille P CEP
#::rate,weight,price,signature,deposit,tracking,region,recommanded
#3, 9.90,  0,1,1,1,18

# Region: France, Monaco, Andorra
# Colissimo emballage France sans recommande taille M CEM
#::rate,weight,price,signature,deposit,tracking,region,recommanded
#3, 9.90,  0,1,1,1,19

# Region: France, Monaco, Andorra
# Colissimo emballage France avec recommande taille L CEL
#::rate,weight,price,signature,deposit,tracking,region,recommanded
#5, 12.70,  1,1,1,1,20

# Region: France, Monaco, Andorra
# Colissimo emballage France avec recommande taille XL CEXL
#::rate,weight,price,signature,deposit,tracking,region,recommanded
#7, 15.50,  1,1,1,1,21

# Region: France, Monaco, Andorra
# Colissimo emballage France avec recommande 1 bouteille CE1B
#::rate,weight,price,signature,deposit,tracking,region,recommanded
#2, 11.10,  1,1,1,1,22

# Region: France, Monaco, Andorra
# Colissimo emballage France avec recommande 2 bouteilles CE2B
#::rate,weight,price,signature,deposit,tracking,region,recommanded
#5, 13.60,  1,1,1,1,23

# Region: France, Monaco, Andorra
# Colissimo emballage France avec recommande 3 bouteilles CE3B
#::rate,weight,price,signature,deposit,tracking,region,recommanded
#7, 14.60,  1,1,1,1,24

######################### Region: outre-mer ######################
##### OM1

# Region: OM1
# Colissimo emballage OM1 avec recommande taille L CEL
#::rate,weight,price,signature,deposit,tracking,region,recommanded
#5, 36.80,  1,1,1,2,20

# Region: OM1
# Colissimo emballage OM1 avec recommande taille XL CEXL
#::rate,weight,price,signature,deposit,tracking,region,recommanded
#7, 43.30,  1,1,1,2,21

# Region: OM1
# Colissimo emballage OM1 avec recommande 1 bouteille CE1B
#::rate,weight,price,signature,deposit,tracking,region,recommanded
#2, 26.90,  1,1,1,2,22

##### OM2

# Region: OM2
# Colissimo emballage OM2 avec recommande taille L CEL
#::rate,weight,price,signature,deposit,tracking,region,recommanded
#5, 62.60,  1,1,1,3,20

# Region: OM2
# Colissimo emballage OM2 avec recommande taille XL CEXL
#::rate,weight,price,signature,deposit,tracking,region,recommanded
#7, 83.90,  1,1,1,3,21

# Region: OM2
# Colissimo emballage OM2 avec recommande 1 bouteille CE1B
#::rate,weight,price,signature,deposit,tracking,region,recommanded
#2, 36.80,  1,1,1,3,22

######################### Region: International ######################

# Region: International Zone A
# Colissimo emballage international A avec recommande taille L CEL
#::rate,weight,price,signature,deposit,tracking,region,recommanded
#5, 27.90,  1,1,1,4,20

# Region: International Zone A
# Colissimo emballage international A avec recommande taille XL CEXL
#::rate,weight,price,signature,deposit,tracking,region,recommanded
#7, 32.30,  1,1,1,4,21

# Region: International Zone A
# Colissimo emballage international A avec recommande 1 bouteille CE1B
#::rate,weight,price,signature,deposit,tracking,region,recommanded
#2, 22.20,  1,1,1,4,22

# Region: International Zone B
# Colissimo emballage international B avec recommande taille L CEL
#::rate,weight,price,signature,deposit,tracking,region,recommanded
#5, 43.80,  1,1,1,5,20

# Region: International Zone B
# Colissimo emballage international B avec recommande taille XL CEXL
#::rate,weight,price,signature,deposit,tracking,region,recommanded
#7, 51.50,  1,1,1,5,21

# Region: International Zone B
# Colissimo emballage international B avec recommande 1 bouteille CE1B
#::rate,weight,price,signature,deposit,tracking,region,recommanded
#2, 36.00,  1,1,1,5,22

# Region: International Zone C
# Colissimo emballage international C avec recommande taille L CEL
#::rate,weight,price,signature,deposit,tracking,region,recommanded
#5, 43.80,  1,1,1,6,20

# Region: International Zone C
# Colissimo emballage international C avec recommande taille XL CEXL
#::rate,weight,price,signature,deposit,tracking,region,recommanded
#7, 51.50,  1,1,1,6,21

# Region: International Zone C
# Colissimo emballage international C avec recommande 1 bouteille CE1B
#::rate,weight,price,signature,deposit,tracking,region,recommanded
#2, 36.00,  1,1,1,6,22

# Region: International Zone D
# Colissimo emballage international D avec recommande taille L CEL
#::rate,weight,price,signature,deposit,tracking,region,recommanded
#5, 43.80,  1,1,1,7,20

# Region: International Zone D
# Colissimo emballage international D avec recommande taille XL CEXL
#::rate,weight,price,signature,deposit,tracking,region,recommanded
#7, 51.50,  1,1,1,7,21

# Region: International Zone D
# Colissimo emballage international D avec recommande 1 bouteille CE1B
#::rate,weight,price,signature,deposit,tracking,region,recommanded
#2, 36.00,  1,1,1,7,22
