#
# Rates from 'La Poste Colissimo' from France / January 2015
#
# This file is part of the django-colissimo module
#
# Official docs: 
#    http://www.colissimo.fr/particuliers/envoyer_un_colis/decouvrir_loffre_colissimo/Tarifs_colissimo/Tarifs_colissimo.jsp
# http://www.laposte.fr/Particulier/Consulter-nos-tarifs/Tarifs-Courrier

# This file is parsed by the 'genfixtures.py' script (in the same directory)
# which generates the initial fixture data to load into the database (using syncdb)
#
# Everything after a '#' is ignored (comments)
# Spaces between comas are ignored
# Lines starting with '::' must be a coma-separated line of values for (in this order):
#  model_name,fieldname1,fieldname2,...
#
# Author: Mathias Monnerville <mathias@monnerville.com>
#         Julien Maupetit <julien@maupetit.net> (2012 rates update)
#         Benjamin PIERRE <bp@kapt.mobi> (2013 update)
#         Benjamin PIERRE <bp@kapt.mobi> (2014 updates)
#         Benjamin PIERRE <bp@kapt.mobi> (2015 updates)

# All supported regions
::region,name
France - Monaco - Andore
Outre-mer OM1
Outre-mer OM2
International Zone A
International Zone B
International Zone C

# All compensation rates, prices in Euro
::recommanded,level,price
CR0,23 # 23E/kg
CR1,50
CR2,200
CR3,400
CR4,600
CR5,800
ECO,23 # 23E/kg
LV, 0
LP, 0
LR1,16
LR2,153
LR3,458
LRA1,16
LRA2,153
LRA3,458
CES,23
CEXS,23
CEP,69
CEM,69
CEL,115
CEXL,161
CE1B,46
CE2B,115
CE3B,161


######################### Region: France, Monaco, Andorra ######################

# Region: France, Monaco, Andorra
# Colissimo France sans recommande CR0
::rate,weight,price,signature,deposit,tracking,region,recommanded
0.25, 5.50,  0,1,1,1,1
0.5, 6.45,  0,1,1,1,1
0.75, 7.25,  0,1,1,1,1
  1, 7.90,  0,1,1,1,1
  2, 8.95,  0,1,1,1,1
  5,11.50,  0,1,1,1,1
 10,16.50,  0,1,1,1,1
 30,24.50,  0,1,1,1,1

# Region: France, Monaco, Andorra
# Colissimo France avec recommande CR1
::rate,weight,price,signature,deposit,tracking,region,recommanded
 0.25,8.0,1,1,1,1,2
0.5,8.95,1,1,1,1,2
0.75,9.75,1,1,1,1,2
  1,10.4,1,1,1,1,2
  2,11.45,1,1,1,1,2
  5,14.0,1,1,1,1,2
 10,19.0,1,1,1,1,2
 30,27.0,1,1,1,1,2
 

# Region: France, Monaco, Andorra
# Colissimo France avec recommande CR2
::rate,weight,price,signature,deposit,tracking,region,recommanded
0.25,8.9,1,1,1,1,3
0.5,9.85,1,1,1,1,3
0.75,10.65,1,1,1,1,3
  1,11.3,1,1,1,1,3
  2,12.35,1,1,1,1,3
  5,14.9,1,1,1,1,3
 10,19.9,1,1,1,1,3
 30,27.9,1,1,1,1,3


# Region: France, Monaco, Andorra
# Colissimo France avec recommande CR3
::rate,weight,price,signature,deposit,tracking,region,recommanded
0.25,10.1,1,1,1,1,4
0.5,11.05,1,1,1,1,4
0.75,11.85,1,1,1,1,4
  1,12.5,1,1,1,1,4
  2,13.55,1,1,1,1,4
  5,16.1,1,1,1,1,4
 10,21.1,1,1,1,1,4
 30,29.1,1,1,1,1,4


# Region: France, Monaco, Andorra 
# Colissimo France avec recommande CR4
::rate,weight,price,signature,deposit,tracking,region,recommanded
0.25,11.3,1,1,1,1,5
0.5,12.25,1,1,1,1,5
0.75,13.05,1,1,1,1,5
  1,13.7,1,1,1,1,5
  2,14.75,1,1,1,1,5
  5,17.3,1,1,1,1,5
 10,22.3,1,1,1,1,5
 30,30.3,1,1,1,1,5


# Region: France, Monaco, Andorra 
# Colissimo France avec recommande CR5
::rate,weight,price,signature,deposit,tracking,region,recommanded
0.25,12.5,1,1,1,1,6
0.5,13.45,1,1,1,1,6
0.75,14.25,1,1,1,1,6
  1,14.9,1,1,1,1,6
  2,15.95,1,1,1,1,6
  5,18.5,1,1,1,1,6
 10,23.5,1,1,1,1,6
 30,31.5,1,1,1,1,6



######################### Region: outre-mer ######################
##### OM1

# Region: outre-mer OM1 
# Lettre verte outre-mer OM1 LV
::rate,weight,price,signature,deposit,tracking,region,recommanded
0.01, 0.73, 0,0,0,2,8
0.02, 0.78, 0,0,0,2,8
0.03, 1.30, 0,0,0,2,8
0.04, 1.35, 0,0,0,2,8
0.05, 1.40, 0,0,0,2,8
0.06, 2.05, 0,0,0,2,8
0.07, 2.10, 0,0,0,2,8
0.08, 2.15, 0,0,0,2,8
0.09, 2.20, 0,0,0,2,8
0.10, 2.25, 0,0,0,2,8
0.11, 3.30, 0,0,0,2,8
0.12, 3.35, 0,0,0,2,8
0.13, 3.40, 0,0,0,2,8
0.14, 3.45, 0,0,0,2,8
0.15, 3.50, 0,0,0,2,8
0.16, 3.55, 0,0,0,2,8
0.17, 3.60, 0,0,0,2,8
0.18, 3.65, 0,0,0,2,8
0.19, 3.70, 0,0,0,2,8
0.20, 3.75, 0,0,0,2,8
0.21, 3.80, 0,0,0,2,8
0.22, 3.85, 0,0,0,2,8
0.23, 3.90, 0,0,0,2,8
0.24, 3.95, 0,0,0,2,8
0.25, 4.00, 0,0,0,2,8
0.26, 5.00, 0,0,0,2,8
0.27, 5.05, 0,0,0,2,8
0.28, 5.10, 0,0,0,2,8
0.29, 5.15, 0,0,0,2,8
0.30, 5.20, 0,0,0,2,8
0.31, 5.25, 0,0,0,2,8
0.32, 5.30, 0,0,0,2,8
0.33, 5.35, 0,0,0,2,8
0.34, 5.40, 0,0,0,2,8
0.35, 5.45, 0,0,0,2,8
0.36, 5.50, 0,0,0,2,8
0.37, 5.55, 0,0,0,2,8
0.38, 5.60, 0,0,0,2,8
0.39, 5.65, 0,0,0,2,8
0.40, 5.70, 0,0,0,2,8
0.41, 5.75, 0,0,0,2,8
0.42, 5.80, 0,0,0,2,8
0.43, 5.85, 0,0,0,2,8
0.44, 5.90, 0,0,0,2,8
0.45, 5.95, 0,0,0,2,8
0.46, 6.00, 0,0,0,2,8
0.47, 6.05, 0,0,0,2,8
0.48, 6.10, 0,0,0,2,8
0.49, 6.15, 0,0,0,2,8
0.50, 6.20, 0,0,0,2,8
0.51, 7.40, 0,0,0,2,8
0.52, 7.45, 0,0,0,2,8
0.53, 7.50, 0,0,0,2,8
0.54, 7.55, 0,0,0,2,8
0.55, 7.60, 0,0,0,2,8
0.56, 7.65, 0,0,0,2,8
0.57, 7.70, 0,0,0,2,8
0.58, 7.75, 0,0,0,2,8
0.59, 7.80, 0,0,0,2,8
0.60, 7.85, 0,0,0,2,8
0.61, 7.90, 0,0,0,2,8
0.62, 7.95, 0,0,0,2,8
0.63, 8.00, 0,0,0,2,8
0.64, 8.05, 0,0,0,2,8
0.65, 8.10, 0,0,0,2,8
0.66, 8.15, 0,0,0,2,8
0.67, 8.20, 0,0,0,2,8
0.68, 8.25, 0,0,0,2,8
0.69, 8.30, 0,0,0,2,8
0.70, 8.35, 0,0,0,2,8
0.71, 8.40, 0,0,0,2,8
0.72, 8.45, 0,0,0,2,8
0.73, 8.50, 0,0,0,2,8
0.74, 8.55, 0,0,0,2,8
0.75, 8.60, 0,0,0,2,8
0.76, 8.65, 0,0,0,2,8
0.77, 8.70, 0,0,0,2,8
0.78, 8.75, 0,0,0,2,8
0.79, 8.80, 0,0,0,2,8
0.80, 8.85, 0,0,0,2,8
0.81, 8.90, 0,0,0,2,8
0.82, 8.95, 0,0,0,2,8
0.83, 9.00, 0,0,0,2,8
0.84, 9.05, 0,0,0,2,8
0.85, 9.10, 0,0,0,2,8
0.86, 9.15, 0,0,0,2,8
0.87, 9.20, 0,0,0,2,8
0.88, 9.25, 0,0,0,2,8
0.89, 9.30, 0,0,0,2,8
0.90, 9.35, 0,0,0,2,8
0.91, 9.40, 0,0,0,2,8
0.92, 9.45, 0,0,0,2,8
0.93, 9.50, 0,0,0,2,8
0.94, 9.55, 0,0,0,2,8
0.95, 9.60, 0,0,0,2,8
0.96, 9.65, 0,0,0,2,8
0.97, 9.70, 0,0,0,2,8
0.98, 9.75, 0,0,0,2,8
0.99, 9.80, 0,0,0,2,8
1.00, 9.85, 0,0,0,2,8
1.01, 11.35, 0,0,0,2,8
1.02, 11.40, 0,0,0,2,8
1.03, 11.45, 0,0,0,2,8
1.04, 11.50, 0,0,0,2,8
1.05, 11.55, 0,0,0,2,8
1.06, 11.60, 0,0,0,2,8
1.07, 11.65, 0,0,0,2,8
1.08, 11.70, 0,0,0,2,8
1.09, 11.75, 0,0,0,2,8
1.10, 11.80, 0,0,0,2,8
1.11, 11.85, 0,0,0,2,8
1.12, 11.90, 0,0,0,2,8
1.13, 11.95, 0,0,0,2,8
1.14, 12.00, 0,0,0,2,8
1.15, 12.05, 0,0,0,2,8
1.16, 12.10, 0,0,0,2,8
1.17, 12.15, 0,0,0,2,8
1.18, 12.20, 0,0,0,2,8
1.19, 12.25, 0,0,0,2,8
1.20, 12.30, 0,0,0,2,8
1.21, 12.35, 0,0,0,2,8
1.22, 12.40, 0,0,0,2,8
1.23, 12.45, 0,0,0,2,8
1.24, 12.50, 0,0,0,2,8
1.25, 12.55, 0,0,0,2,8
1.26, 12.60, 0,0,0,2,8
1.27, 12.65, 0,0,0,2,8
1.28, 12.70, 0,0,0,2,8
1.29, 12.75, 0,0,0,2,8
1.30, 12.80, 0,0,0,2,8
1.31, 12.85, 0,0,0,2,8
1.32, 12.90, 0,0,0,2,8
1.33, 12.95, 0,0,0,2,8
1.34, 13.00, 0,0,0,2,8
1.35, 13.05, 0,0,0,2,8
1.36, 13.10, 0,0,0,2,8
1.37, 13.15, 0,0,0,2,8
1.38, 13.20, 0,0,0,2,8
1.39, 13.25, 0,0,0,2,8
1.40, 13.30, 0,0,0,2,8
1.41, 13.35, 0,0,0,2,8
1.42, 13.40, 0,0,0,2,8
1.43, 13.45, 0,0,0,2,8
1.44, 13.50, 0,0,0,2,8
1.45, 13.55, 0,0,0,2,8
1.46, 13.60, 0,0,0,2,8
1.47, 13.65, 0,0,0,2,8
1.48, 13.70, 0,0,0,2,8
1.49, 13.75, 0,0,0,2,8
1.50, 13.80, 0,0,0,2,8
1.51, 13.85, 0,0,0,2,8
1.52, 13.90, 0,0,0,2,8
1.53, 13.95, 0,0,0,2,8
1.54, 14.00, 0,0,0,2,8
1.55, 14.05, 0,0,0,2,8
1.56, 14.10, 0,0,0,2,8
1.57, 14.15, 0,0,0,2,8
1.58, 14.20, 0,0,0,2,8
1.59, 14.25, 0,0,0,2,8
1.60, 14.30, 0,0,0,2,8
1.61, 14.35, 0,0,0,2,8
1.62, 14.40, 0,0,0,2,8
1.63, 14.45, 0,0,0,2,8
1.64, 14.50, 0,0,0,2,8
1.65, 14.55, 0,0,0,2,8
1.66, 14.60, 0,0,0,2,8
1.67, 14.65, 0,0,0,2,8
1.68, 14.70, 0,0,0,2,8
1.69, 14.75, 0,0,0,2,8
1.70, 14.80, 0,0,0,2,8
1.71, 14.85, 0,0,0,2,8
1.72, 14.90, 0,0,0,2,8
1.73, 14.95, 0,0,0,2,8
1.74, 15.00, 0,0,0,2,8
1.75, 15.05, 0,0,0,2,8
1.76, 15.10, 0,0,0,2,8
1.77, 15.15, 0,0,0,2,8
1.78, 15.20, 0,0,0,2,8
1.79, 15.25, 0,0,0,2,8
1.80, 15.30, 0,0,0,2,8
1.81, 15.35, 0,0,0,2,8
1.82, 15.40, 0,0,0,2,8
1.83, 15.45, 0,0,0,2,8
1.84, 15.50, 0,0,0,2,8
1.85, 15.55, 0,0,0,2,8
1.86, 15.60, 0,0,0,2,8
1.87, 15.65, 0,0,0,2,8
1.88, 15.70, 0,0,0,2,8
1.89, 15.75, 0,0,0,2,8
1.90, 15.80, 0,0,0,2,8
1.91, 15.85, 0,0,0,2,8
1.92, 15.90, 0,0,0,2,8
1.93, 15.95, 0,0,0,2,8
1.94, 16.00, 0,0,0,2,8
1.95, 16.05, 0,0,0,2,8
1.96, 16.10, 0,0,0,2,8
1.97, 16.15, 0,0,0,2,8
1.98, 16.20, 0,0,0,2,8
1.99, 16.25, 0,0,0,2,8
2.00, 16.30, 0,0,0,2,8
2.01, 16.95, 0,0,0,2,8
2.02, 17.00, 0,0,0,2,8
2.03, 17.05, 0,0,0,2,8
2.04, 17.10, 0,0,0,2,8
2.05, 17.15, 0,0,0,2,8
2.06, 17.20, 0,0,0,2,8
2.07, 17.25, 0,0,0,2,8
2.08, 17.30, 0,0,0,2,8
2.09, 17.35, 0,0,0,2,8
2.10, 17.40, 0,0,0,2,8
2.11, 17.45, 0,0,0,2,8
2.12, 17.50, 0,0,0,2,8
2.13, 17.55, 0,0,0,2,8
2.14, 17.60, 0,0,0,2,8
2.15, 17.65, 0,0,0,2,8
2.16, 17.70, 0,0,0,2,8
2.17, 17.75, 0,0,0,2,8
2.18, 17.80, 0,0,0,2,8
2.19, 17.85, 0,0,0,2,8
2.20, 17.90, 0,0,0,2,8
2.21, 17.95, 0,0,0,2,8
2.22, 18.00, 0,0,0,2,8
2.23, 18.05, 0,0,0,2,8
2.24, 18.10, 0,0,0,2,8
2.25, 18.15, 0,0,0,2,8
2.26, 18.20, 0,0,0,2,8
2.27, 18.25, 0,0,0,2,8
2.28, 18.30, 0,0,0,2,8
2.29, 18.35, 0,0,0,2,8
2.30, 18.40, 0,0,0,2,8
2.31, 18.45, 0,0,0,2,8
2.32, 18.50, 0,0,0,2,8
2.33, 18.55, 0,0,0,2,8
2.34, 18.60, 0,0,0,2,8
2.35, 18.65, 0,0,0,2,8
2.36, 18.70, 0,0,0,2,8
2.37, 18.75, 0,0,0,2,8
2.38, 18.80, 0,0,0,2,8
2.39, 18.85, 0,0,0,2,8
2.40, 18.90, 0,0,0,2,8
2.41, 18.95, 0,0,0,2,8
2.42, 19.00, 0,0,0,2,8
2.43, 19.05, 0,0,0,2,8
2.44, 19.10, 0,0,0,2,8
2.45, 19.15, 0,0,0,2,8
2.46, 19.20, 0,0,0,2,8
2.47, 19.25, 0,0,0,2,8
2.48, 19.30, 0,0,0,2,8
2.49, 19.35, 0,0,0,2,8
2.50, 19.40, 0,0,0,2,8
2.51, 19.45, 0,0,0,2,8
2.52, 19.50, 0,0,0,2,8
2.53, 19.55, 0,0,0,2,8
2.54, 19.60, 0,0,0,2,8
2.55, 19.65, 0,0,0,2,8
2.56, 19.70, 0,0,0,2,8
2.57, 19.75, 0,0,0,2,8
2.58, 19.80, 0,0,0,2,8
2.59, 19.85, 0,0,0,2,8
2.60, 19.90, 0,0,0,2,8
2.61, 19.95, 0,0,0,2,8
2.62, 20.00, 0,0,0,2,8
2.63, 20.05, 0,0,0,2,8
2.64, 20.10, 0,0,0,2,8
2.65, 20.15, 0,0,0,2,8
2.66, 20.20, 0,0,0,2,8
2.67, 20.25, 0,0,0,2,8
2.68, 20.30, 0,0,0,2,8
2.69, 20.35, 0,0,0,2,8
2.70, 20.40, 0,0,0,2,8
2.71, 20.45, 0,0,0,2,8
2.72, 20.50, 0,0,0,2,8
2.73, 20.55, 0,0,0,2,8
2.74, 20.60, 0,0,0,2,8
2.75, 20.65, 0,0,0,2,8
2.76, 20.70, 0,0,0,2,8
2.77, 20.75, 0,0,0,2,8
2.78, 20.80, 0,0,0,2,8
2.79, 20.85, 0,0,0,2,8
2.80, 20.90, 0,0,0,2,8
2.81, 20.95, 0,0,0,2,8
2.82, 21.00, 0,0,0,2,8
2.83, 21.05, 0,0,0,2,8
2.84, 21.10, 0,0,0,2,8
2.85, 21.15, 0,0,0,2,8
2.86, 21.20, 0,0,0,2,8
2.87, 21.25, 0,0,0,2,8
2.88, 21.30, 0,0,0,2,8
2.89, 21.35, 0,0,0,2,8
2.90, 21.40, 0,0,0,2,8
2.91, 21.45, 0,0,0,2,8
2.92, 21.50, 0,0,0,2,8
2.93, 21.55, 0,0,0,2,8
2.94, 21.60, 0,0,0,2,8
2.95, 21.65, 0,0,0,2,8
2.96, 21.70, 0,0,0,2,8
2.97, 21.75, 0,0,0,2,8
2.98, 21.80, 0,0,0,2,8
2.99, 21.85, 0,0,0,2,8
3.00, 21.90, 0,0,0,2,8


# Region: outre-mer OM1  
# Lettre prioritaire outre-mer OM1 LP
::rate,weight,price,signature,deposit,tracking,region,recommanded
0.01, 0.81, 0,0,0,2,9
0.02, 0.86, 0,0,0,2,9
0.03, 1.40, 0,0,0,2,9
0.04, 1.45, 0,0,0,2,9
0.05, 1.50, 0,0,0,2,9
0.06, 2.20, 0,0,0,2,9
0.07, 2.25, 0,0,0,2,9
0.08, 2.30, 0,0,0,2,9
0.09, 2.35, 0,0,0,2,9
0.10, 2.40, 0,0,0,2,9
0.11, 3.60, 0,0,0,2,9
0.12, 3.65, 0,0,0,2,9
0.13, 3.70, 0,0,0,2,9
0.14, 3.75, 0,0,0,2,9
0.15, 3.80, 0,0,0,2,9
0.16, 3.85, 0,0,0,2,9
0.17, 3.90, 0,0,0,2,9
0.18, 3.95, 0,0,0,2,9
0.19, 4.00, 0,0,0,2,9
0.20, 4.05, 0,0,0,2,9
0.21, 4.10, 0,0,0,2,9
0.22, 4.15, 0,0,0,2,9
0.23, 4.20, 0,0,0,2,9
0.24, 4.25, 0,0,0,2,9
0.25, 4.30, 0,0,0,2,9
0.26, 5.40, 0,0,0,2,9
0.27, 5.45, 0,0,0,2,9
0.28, 5.50, 0,0,0,2,9
0.29, 5.55, 0,0,0,2,9
0.30, 5.60, 0,0,0,2,9
0.31, 5.65, 0,0,0,2,9
0.32, 5.70, 0,0,0,2,9
0.33, 5.75, 0,0,0,2,9
0.34, 5.80, 0,0,0,2,9
0.35, 5.85, 0,0,0,2,9
0.36, 5.90, 0,0,0,2,9
0.37, 5.95, 0,0,0,2,9
0.38, 6.00, 0,0,0,2,9
0.39, 6.05, 0,0,0,2,9
0.40, 6.10, 0,0,0,2,9
0.41, 6.15, 0,0,0,2,9
0.42, 6.20, 0,0,0,2,9
0.43, 6.25, 0,0,0,2,9
0.44, 6.30, 0,0,0,2,9
0.45, 6.35, 0,0,0,2,9
0.46, 6.40, 0,0,0,2,9
0.47, 6.45, 0,0,0,2,9
0.48, 6.50, 0,0,0,2,9
0.49, 6.55, 0,0,0,2,9
0.50, 6.60, 0,0,0,2,9
0.51, 7.90, 0,0,0,2,9
0.52, 7.95, 0,0,0,2,9
0.53, 8.00, 0,0,0,2,9
0.54, 8.05, 0,0,0,2,9
0.55, 8.10, 0,0,0,2,9
0.56, 8.15, 0,0,0,2,9
0.57, 8.20, 0,0,0,2,9
0.58, 8.25, 0,0,0,2,9
0.59, 8.30, 0,0,0,2,9
0.60, 8.35, 0,0,0,2,9
0.61, 8.40, 0,0,0,2,9
0.62, 8.45, 0,0,0,2,9
0.63, 8.50, 0,0,0,2,9
0.64, 8.55, 0,0,0,2,9
0.65, 8.60, 0,0,0,2,9
0.66, 8.65, 0,0,0,2,9
0.67, 8.70, 0,0,0,2,9
0.68, 8.75, 0,0,0,2,9
0.69, 8.80, 0,0,0,2,9
0.70, 8.85, 0,0,0,2,9
0.71, 8.90, 0,0,0,2,9
0.72, 8.95, 0,0,0,2,9
0.73, 9.00, 0,0,0,2,9
0.74, 9.05, 0,0,0,2,9
0.75, 9.10, 0,0,0,2,9
0.76, 9.15, 0,0,0,2,9
0.77, 9.20, 0,0,0,2,9
0.78, 9.25, 0,0,0,2,9
0.79, 9.30, 0,0,0,2,9
0.80, 9.35, 0,0,0,2,9
0.81, 9.40, 0,0,0,2,9
0.82, 9.45, 0,0,0,2,9
0.83, 9.50, 0,0,0,2,9
0.84, 9.55, 0,0,0,2,9
0.85, 9.60, 0,0,0,2,9
0.86, 9.65, 0,0,0,2,9
0.87, 9.70, 0,0,0,2,9
0.88, 9.75, 0,0,0,2,9
0.89, 9.80, 0,0,0,2,9
0.90, 9.85, 0,0,0,2,9
0.91, 9.90, 0,0,0,2,9
0.92, 9.95, 0,0,0,2,9
0.93, 10.00, 0,0,0,2,9
0.94, 10.05, 0,0,0,2,9
0.95, 10.10, 0,0,0,2,9
0.96, 10.15, 0,0,0,2,9
0.97, 10.20, 0,0,0,2,9
0.98, 10.25, 0,0,0,2,9
0.99, 10.30, 0,0,0,2,9
1.00, 10.35, 0,0,0,2,9
1.01, 11.85, 0,0,0,2,9
1.02, 11.90, 0,0,0,2,9
1.03, 11.95, 0,0,0,2,9
1.04, 12.00, 0,0,0,2,9
1.05, 12.05, 0,0,0,2,9
1.06, 12.10, 0,0,0,2,9
1.07, 12.15, 0,0,0,2,9
1.08, 12.20, 0,0,0,2,9
1.09, 12.25, 0,0,0,2,9
1.10, 12.30, 0,0,0,2,9
1.11, 12.35, 0,0,0,2,9
1.12, 12.40, 0,0,0,2,9
1.13, 12.45, 0,0,0,2,9
1.14, 12.50, 0,0,0,2,9
1.15, 12.55, 0,0,0,2,9
1.16, 12.60, 0,0,0,2,9
1.17, 12.65, 0,0,0,2,9
1.18, 12.70, 0,0,0,2,9
1.19, 12.75, 0,0,0,2,9
1.20, 12.80, 0,0,0,2,9
1.21, 12.85, 0,0,0,2,9
1.22, 12.90, 0,0,0,2,9
1.23, 12.95, 0,0,0,2,9
1.24, 13.00, 0,0,0,2,9
1.25, 13.05, 0,0,0,2,9
1.26, 13.10, 0,0,0,2,9
1.27, 13.15, 0,0,0,2,9
1.28, 13.20, 0,0,0,2,9
1.29, 13.25, 0,0,0,2,9
1.30, 13.30, 0,0,0,2,9
1.31, 13.35, 0,0,0,2,9
1.32, 13.40, 0,0,0,2,9
1.33, 13.45, 0,0,0,2,9
1.34, 13.50, 0,0,0,2,9
1.35, 13.55, 0,0,0,2,9
1.36, 13.60, 0,0,0,2,9
1.37, 13.65, 0,0,0,2,9
1.38, 13.70, 0,0,0,2,9
1.39, 13.75, 0,0,0,2,9
1.40, 13.80, 0,0,0,2,9
1.41, 13.85, 0,0,0,2,9
1.42, 13.90, 0,0,0,2,9
1.43, 13.95, 0,0,0,2,9
1.44, 14.00, 0,0,0,2,9
1.45, 14.05, 0,0,0,2,9
1.46, 14.10, 0,0,0,2,9
1.47, 14.15, 0,0,0,2,9
1.48, 14.20, 0,0,0,2,9
1.49, 14.25, 0,0,0,2,9
1.50, 14.30, 0,0,0,2,9
1.51, 14.35, 0,0,0,2,9
1.52, 14.40, 0,0,0,2,9
1.53, 14.45, 0,0,0,2,9
1.54, 14.50, 0,0,0,2,9
1.55, 14.55, 0,0,0,2,9
1.56, 14.60, 0,0,0,2,9
1.57, 14.65, 0,0,0,2,9
1.58, 14.70, 0,0,0,2,9
1.59, 14.75, 0,0,0,2,9
1.60, 14.80, 0,0,0,2,9
1.61, 14.85, 0,0,0,2,9
1.62, 14.90, 0,0,0,2,9
1.63, 14.95, 0,0,0,2,9
1.64, 15.00, 0,0,0,2,9
1.65, 15.05, 0,0,0,2,9
1.66, 15.10, 0,0,0,2,9
1.67, 15.15, 0,0,0,2,9
1.68, 15.20, 0,0,0,2,9
1.69, 15.25, 0,0,0,2,9
1.70, 15.30, 0,0,0,2,9
1.71, 15.35, 0,0,0,2,9
1.72, 15.40, 0,0,0,2,9
1.73, 15.45, 0,0,0,2,9
1.74, 15.50, 0,0,0,2,9
1.75, 15.55, 0,0,0,2,9
1.76, 15.60, 0,0,0,2,9
1.77, 15.65, 0,0,0,2,9
1.78, 15.70, 0,0,0,2,9
1.79, 15.75, 0,0,0,2,9
1.80, 15.80, 0,0,0,2,9
1.81, 15.85, 0,0,0,2,9
1.82, 15.90, 0,0,0,2,9
1.83, 15.95, 0,0,0,2,9
1.84, 16.00, 0,0,0,2,9
1.85, 16.05, 0,0,0,2,9
1.86, 16.10, 0,0,0,2,9
1.87, 16.15, 0,0,0,2,9
1.88, 16.20, 0,0,0,2,9
1.89, 16.25, 0,0,0,2,9
1.90, 16.30, 0,0,0,2,9
1.91, 16.35, 0,0,0,2,9
1.92, 16.40, 0,0,0,2,9
1.93, 16.45, 0,0,0,2,9
1.94, 16.50, 0,0,0,2,9
1.95, 16.55, 0,0,0,2,9
1.96, 16.60, 0,0,0,2,9
1.97, 16.65, 0,0,0,2,9
1.98, 16.70, 0,0,0,2,9
1.99, 16.75, 0,0,0,2,9
2.00, 16.80, 0,0,0,2,9
2.01, 17.35, 0,0,0,2,9
2.02, 17.40, 0,0,0,2,9
2.03, 17.45, 0,0,0,2,9
2.04, 17.50, 0,0,0,2,9
2.05, 17.55, 0,0,0,2,9
2.06, 17.60, 0,0,0,2,9
2.07, 17.65, 0,0,0,2,9
2.08, 17.70, 0,0,0,2,9
2.09, 17.75, 0,0,0,2,9
2.10, 17.80, 0,0,0,2,9
2.11, 17.85, 0,0,0,2,9
2.12, 17.90, 0,0,0,2,9
2.13, 17.95, 0,0,0,2,9
2.14, 18.00, 0,0,0,2,9
2.15, 18.05, 0,0,0,2,9
2.16, 18.10, 0,0,0,2,9
2.17, 18.15, 0,0,0,2,9
2.18, 18.20, 0,0,0,2,9
2.19, 18.25, 0,0,0,2,9
2.20, 18.30, 0,0,0,2,9
2.21, 18.35, 0,0,0,2,9
2.22, 18.40, 0,0,0,2,9
2.23, 18.45, 0,0,0,2,9
2.24, 18.50, 0,0,0,2,9
2.25, 18.55, 0,0,0,2,9
2.26, 18.60, 0,0,0,2,9
2.27, 18.65, 0,0,0,2,9
2.28, 18.70, 0,0,0,2,9
2.29, 18.75, 0,0,0,2,9
2.30, 18.80, 0,0,0,2,9
2.31, 18.85, 0,0,0,2,9
2.32, 18.90, 0,0,0,2,9
2.33, 18.95, 0,0,0,2,9
2.34, 19.00, 0,0,0,2,9
2.35, 19.05, 0,0,0,2,9
2.36, 19.10, 0,0,0,2,9
2.37, 19.15, 0,0,0,2,9
2.38, 19.20, 0,0,0,2,9
2.39, 19.25, 0,0,0,2,9
2.40, 19.30, 0,0,0,2,9
2.41, 19.35, 0,0,0,2,9
2.42, 19.40, 0,0,0,2,9
2.43, 19.45, 0,0,0,2,9
2.44, 19.50, 0,0,0,2,9
2.45, 19.55, 0,0,0,2,9
2.46, 19.60, 0,0,0,2,9
2.47, 19.65, 0,0,0,2,9
2.48, 19.70, 0,0,0,2,9
2.49, 19.75, 0,0,0,2,9
2.50, 19.80, 0,0,0,2,9
2.51, 19.85, 0,0,0,2,9
2.52, 19.90, 0,0,0,2,9
2.53, 19.95, 0,0,0,2,9
2.54, 20.00, 0,0,0,2,9
2.55, 20.05, 0,0,0,2,9
2.56, 20.10, 0,0,0,2,9
2.57, 20.15, 0,0,0,2,9
2.58, 20.20, 0,0,0,2,9
2.59, 20.25, 0,0,0,2,9
2.60, 20.30, 0,0,0,2,9
2.61, 20.35, 0,0,0,2,9
2.62, 20.40, 0,0,0,2,9
2.63, 20.45, 0,0,0,2,9
2.64, 20.50, 0,0,0,2,9
2.65, 20.55, 0,0,0,2,9
2.66, 20.60, 0,0,0,2,9
2.67, 20.65, 0,0,0,2,9
2.68, 20.70, 0,0,0,2,9
2.69, 20.75, 0,0,0,2,9
2.70, 20.80, 0,0,0,2,9
2.71, 20.85, 0,0,0,2,9
2.72, 20.90, 0,0,0,2,9
2.73, 20.95, 0,0,0,2,9
2.74, 21.00, 0,0,0,2,9
2.75, 21.05, 0,0,0,2,9
2.76, 21.10, 0,0,0,2,9
2.77, 21.15, 0,0,0,2,9
2.78, 21.20, 0,0,0,2,9
2.79, 21.25, 0,0,0,2,9
2.80, 21.30, 0,0,0,2,9
2.81, 21.35, 0,0,0,2,9
2.82, 21.40, 0,0,0,2,9
2.83, 21.45, 0,0,0,2,9
2.84, 21.50, 0,0,0,2,9
2.85, 21.55, 0,0,0,2,9
2.86, 21.60, 0,0,0,2,9
2.87, 21.65, 0,0,0,2,9
2.88, 21.70, 0,0,0,2,9
2.89, 21.75, 0,0,0,2,9
2.90, 21.80, 0,0,0,2,9
2.91, 21.85, 0,0,0,2,9
2.92, 21.90, 0,0,0,2,9
2.93, 21.95, 0,0,0,2,9
2.94, 22.00, 0,0,0,2,9
2.95, 22.05, 0,0,0,2,9
2.96, 22.10, 0,0,0,2,9
2.97, 22.15, 0,0,0,2,9
2.98, 22.20, 0,0,0,2,9
2.99, 22.25, 0,0,0,2,9
3.00, 22.30, 0,0,0,2,9



# Region: outre-mer OM1  
# Colissimo France sans recommande ECO
::rate,weight,price,signature,deposit,tracking,region,recommanded
0.5, 8.50,  0,1,0,2,7
  1, 11.00,  0,1,0,2,7
  2, 13.50,  0,1,0,2,7
  5, 19.00,  0,1,0,2,7
 10, 28.00,  0,1,0,2,7
 30, 61.50,  0,1,0,2,7

# Region: outre-mer OM1 
# Colissimo France avec recommande CR0
::rate,weight,price,signature,deposit,tracking,region,recommanded
0.5,  9.15,  0,1,1,2,1
  1, 13.85,  0,1,1,2,1
  2, 18.90,  0,1,1,2,1
  5, 28.00,  0,1,1,2,1
 10, 45.00,  0,1,1,2,1
 30,101.00,  0,1,1,2,1

# Region: outre-mer OM1 
# Colissimo France avec recommande CR1
::rate,weight,price,signature,deposit,tracking,region,recommanded
0.5,11.65,1,1,1,2,2
  1,16.35,1,1,1,2,2
  2,21.4,1,1,1,2,2
  5,30.5,1,1,1,2,2
 10,47.5,1,1,1,2,2
 30,103.5,1,1,1,2,2


# Region: outre-mer OM1 
# Colissimo France avec recommande CR2
::rate,weight,price,signature,deposit,tracking,region,recommanded
0.5,12.55,1,1,1,2,3
  1,17.25,1,1,1,2,3
  2,22.3,1,1,1,2,3
  5,31.4,1,1,1,2,3
 10,48.4,1,1,1,2,3
 30,104.4,1,1,1,2,3


# Region: outre-mer OM1 
# Colissimo France avec recommande CR3
::rate,weight,price,signature,deposit,tracking,region,recommanded
0.5,13.75,1,1,1,2,4
  1,18.45,1,1,1,2,4
  2,23.5,1,1,1,2,4
  5,32.6,1,1,1,2,4
 10,49.6,1,1,1,2,4
 30,105.6,1,1,1,2,4


# Region: outre-mer OM1 
# Colissimo France avec recommande CR4
::rate,weight,price,signature,deposit,tracking,region,recommanded
0.5,14.95,1,1,1,2,5
  1,19.65,1,1,1,2,5
  2,24.7,1,1,1,2,5
  5,33.8,1,1,1,2,5
 10,50.8,1,1,1,2,5
 30,106.8,1,1,1,2,5


# Region: outre-mer OM1
# Colissimo France avec recommande CR5
::rate,weight,price,signature,deposit,tracking,region,recommanded
0.5,16.15,1,1,1,2,6
  1,20.85,1,1,1,2,6
  2,25.9,1,1,1,2,6
  5,35.0,1,1,1,2,6
 10,52.0,1,1,1,2,6
 30,108.0,1,1,1,2,6


##### OM2 

# Region: outre-mer OM2 
# Lettre verte outre-mer OM2 LV
::rate,weight,price,signature,deposit,tracking,region,recommanded
0.01, 0.79, 0,0,0,3,8
0.02, 0.90, 0,0,0,3,8
0.03, 1.48, 0,0,0,3,8
0.04, 1.59, 0,0,0,3,8
0.05, 1.70, 0,0,0,3,8
0.06, 2.41, 0,0,0,3,8
0.07, 2.52, 0,0,0,3,8
0.08, 2.63, 0,0,0,3,8
0.09, 2.74, 0,0,0,3,8
0.10, 2.85, 0,0,0,3,8
0.11, 3.96, 0,0,0,3,8
0.12, 4.07, 0,0,0,3,8
0.13, 4.18, 0,0,0,3,8
0.14, 4.29, 0,0,0,3,8
0.15, 4.40, 0,0,0,3,8
0.16, 4.51, 0,0,0,3,8
0.17, 4.62, 0,0,0,3,8
0.18, 4.73, 0,0,0,3,8
0.19, 4.84, 0,0,0,3,8
0.20, 4.95, 0,0,0,3,8
0.21, 5.06, 0,0,0,3,8
0.22, 5.17, 0,0,0,3,8
0.23, 5.28, 0,0,0,3,8
0.24, 5.39, 0,0,0,3,8
0.25, 5.50, 0,0,0,3,8
0.26, 6.56, 0,0,0,3,8
0.27, 6.67, 0,0,0,3,8
0.28, 6.78, 0,0,0,3,8
0.29, 6.89, 0,0,0,3,8
0.30, 7.00, 0,0,0,3,8
0.31, 7.11, 0,0,0,3,8
0.32, 7.22, 0,0,0,3,8
0.33, 7.33, 0,0,0,3,8
0.34, 7.44, 0,0,0,3,8
0.35, 7.55, 0,0,0,3,8
0.36, 7.66, 0,0,0,3,8
0.37, 7.77, 0,0,0,3,8
0.38, 7.88, 0,0,0,3,8
0.39, 7.99, 0,0,0,3,8
0.40, 8.10, 0,0,0,3,8
0.41, 8.21, 0,0,0,3,8
0.42, 8.32, 0,0,0,3,8
0.43, 8.43, 0,0,0,3,8
0.44, 8.54, 0,0,0,3,8
0.45, 8.65, 0,0,0,3,8
0.46, 8.76, 0,0,0,3,8
0.47, 8.87, 0,0,0,3,8
0.48, 8.98, 0,0,0,3,8
0.49, 9.09, 0,0,0,3,8
0.50, 9.20, 0,0,0,3,8
0.51, 10.46, 0,0,0,3,8
0.52, 10.57, 0,0,0,3,8
0.53, 10.68, 0,0,0,3,8
0.54, 10.79, 0,0,0,3,8
0.55, 10.90, 0,0,0,3,8
0.56, 11.01, 0,0,0,3,8
0.57, 11.12, 0,0,0,3,8
0.58, 11.23, 0,0,0,3,8
0.59, 11.34, 0,0,0,3,8
0.60, 11.45, 0,0,0,3,8
0.61, 11.56, 0,0,0,3,8
0.62, 11.67, 0,0,0,3,8
0.63, 11.78, 0,0,0,3,8
0.64, 11.89, 0,0,0,3,8
0.65, 12.00, 0,0,0,3,8
0.66, 12.11, 0,0,0,3,8
0.67, 12.22, 0,0,0,3,8
0.68, 12.33, 0,0,0,3,8
0.69, 12.44, 0,0,0,3,8
0.70, 12.55, 0,0,0,3,8
0.71, 12.66, 0,0,0,3,8
0.72, 12.77, 0,0,0,3,8
0.73, 12.88, 0,0,0,3,8
0.74, 12.99, 0,0,0,3,8
0.75, 13.10, 0,0,0,3,8
0.76, 13.21, 0,0,0,3,8
0.77, 13.32, 0,0,0,3,8
0.78, 13.43, 0,0,0,3,8
0.79, 13.54, 0,0,0,3,8
0.80, 13.65, 0,0,0,3,8
0.81, 13.76, 0,0,0,3,8
0.82, 13.87, 0,0,0,3,8
0.83, 13.98, 0,0,0,3,8
0.84, 14.09, 0,0,0,3,8
0.85, 14.20, 0,0,0,3,8
0.86, 14.31, 0,0,0,3,8
0.87, 14.42, 0,0,0,3,8
0.88, 14.53, 0,0,0,3,8
0.89, 14.64, 0,0,0,3,8
0.90, 14.75, 0,0,0,3,8
0.91, 14.86, 0,0,0,3,8
0.92, 14.97, 0,0,0,3,8
0.93, 15.08, 0,0,0,3,8
0.94, 15.19, 0,0,0,3,8
0.95, 15.30, 0,0,0,3,8
0.96, 15.41, 0,0,0,3,8
0.97, 15.52, 0,0,0,3,8
0.98, 15.63, 0,0,0,3,8
0.99, 15.74, 0,0,0,3,8
1.00, 15.85, 0,0,0,3,8
1.01, 17.41, 0,0,0,3,8
1.02, 17.52, 0,0,0,3,8
1.03, 17.63, 0,0,0,3,8
1.04, 17.74, 0,0,0,3,8
1.05, 17.85, 0,0,0,3,8
1.06, 17.96, 0,0,0,3,8
1.07, 18.07, 0,0,0,3,8
1.08, 18.18, 0,0,0,3,8
1.09, 18.29, 0,0,0,3,8
1.10, 18.40, 0,0,0,3,8
1.11, 18.51, 0,0,0,3,8
1.12, 18.62, 0,0,0,3,8
1.13, 18.73, 0,0,0,3,8
1.14, 18.84, 0,0,0,3,8
1.15, 18.95, 0,0,0,3,8
1.16, 19.06, 0,0,0,3,8
1.17, 19.17, 0,0,0,3,8
1.18, 19.28, 0,0,0,3,8
1.19, 19.39, 0,0,0,3,8
1.20, 19.50, 0,0,0,3,8
1.21, 19.61, 0,0,0,3,8
1.22, 19.72, 0,0,0,3,8
1.23, 19.83, 0,0,0,3,8
1.24, 19.94, 0,0,0,3,8
1.25, 20.05, 0,0,0,3,8
1.26, 20.16, 0,0,0,3,8
1.27, 20.27, 0,0,0,3,8
1.28, 20.38, 0,0,0,3,8
1.29, 20.49, 0,0,0,3,8
1.30, 20.60, 0,0,0,3,8
1.31, 20.71, 0,0,0,3,8
1.32, 20.82, 0,0,0,3,8
1.33, 20.93, 0,0,0,3,8
1.34, 21.04, 0,0,0,3,8
1.35, 21.15, 0,0,0,3,8
1.36, 21.26, 0,0,0,3,8
1.37, 21.37, 0,0,0,3,8
1.38, 21.48, 0,0,0,3,8
1.39, 21.59, 0,0,0,3,8
1.40, 21.70, 0,0,0,3,8
1.41, 21.81, 0,0,0,3,8
1.42, 21.92, 0,0,0,3,8
1.43, 22.03, 0,0,0,3,8
1.44, 22.14, 0,0,0,3,8
1.45, 22.25, 0,0,0,3,8
1.46, 22.36, 0,0,0,3,8
1.47, 22.47, 0,0,0,3,8
1.48, 22.58, 0,0,0,3,8
1.49, 22.69, 0,0,0,3,8
1.50, 22.80, 0,0,0,3,8
1.51, 22.91, 0,0,0,3,8
1.52, 23.02, 0,0,0,3,8
1.53, 23.13, 0,0,0,3,8
1.54, 23.24, 0,0,0,3,8
1.55, 23.35, 0,0,0,3,8
1.56, 23.46, 0,0,0,3,8
1.57, 23.57, 0,0,0,3,8
1.58, 23.68, 0,0,0,3,8
1.59, 23.79, 0,0,0,3,8
1.60, 23.90, 0,0,0,3,8
1.61, 24.01, 0,0,0,3,8
1.62, 24.12, 0,0,0,3,8
1.63, 24.23, 0,0,0,3,8
1.64, 24.34, 0,0,0,3,8
1.65, 24.45, 0,0,0,3,8
1.66, 24.56, 0,0,0,3,8
1.67, 24.67, 0,0,0,3,8
1.68, 24.78, 0,0,0,3,8
1.69, 24.89, 0,0,0,3,8
1.70, 25.00, 0,0,0,3,8
1.71, 25.11, 0,0,0,3,8
1.72, 25.22, 0,0,0,3,8
1.73, 25.33, 0,0,0,3,8
1.74, 25.44, 0,0,0,3,8
1.75, 25.55, 0,0,0,3,8
1.76, 25.66, 0,0,0,3,8
1.77, 25.77, 0,0,0,3,8
1.78, 25.88, 0,0,0,3,8
1.79, 25.99, 0,0,0,3,8
1.80, 26.10, 0,0,0,3,8
1.81, 26.21, 0,0,0,3,8
1.82, 26.32, 0,0,0,3,8
1.83, 26.43, 0,0,0,3,8
1.84, 26.54, 0,0,0,3,8
1.85, 26.65, 0,0,0,3,8
1.86, 26.76, 0,0,0,3,8
1.87, 26.87, 0,0,0,3,8
1.88, 26.98, 0,0,0,3,8
1.89, 27.09, 0,0,0,3,8
1.90, 27.20, 0,0,0,3,8
1.91, 27.31, 0,0,0,3,8
1.92, 27.42, 0,0,0,3,8
1.93, 27.53, 0,0,0,3,8
1.94, 27.64, 0,0,0,3,8
1.95, 27.75, 0,0,0,3,8
1.96, 27.86, 0,0,0,3,8
1.97, 27.97, 0,0,0,3,8
1.98, 28.08, 0,0,0,3,8
1.99, 28.19, 0,0,0,3,8
2.00, 28.30, 0,0,0,3,8
2.01, 29.01, 0,0,0,3,8
2.02, 29.12, 0,0,0,3,8
2.03, 29.23, 0,0,0,3,8
2.04, 29.34, 0,0,0,3,8
2.05, 29.45, 0,0,0,3,8
2.06, 29.56, 0,0,0,3,8
2.07, 29.67, 0,0,0,3,8
2.08, 29.78, 0,0,0,3,8
2.09, 29.89, 0,0,0,3,8
2.10, 30.00, 0,0,0,3,8
2.11, 30.11, 0,0,0,3,8
2.12, 30.22, 0,0,0,3,8
2.13, 30.33, 0,0,0,3,8
2.14, 30.44, 0,0,0,3,8
2.15, 30.55, 0,0,0,3,8
2.16, 30.66, 0,0,0,3,8
2.17, 30.77, 0,0,0,3,8
2.18, 30.88, 0,0,0,3,8
2.19, 30.99, 0,0,0,3,8
2.20, 31.10, 0,0,0,3,8
2.21, 31.21, 0,0,0,3,8
2.22, 31.32, 0,0,0,3,8
2.23, 31.43, 0,0,0,3,8
2.24, 31.54, 0,0,0,3,8
2.25, 31.65, 0,0,0,3,8
2.26, 31.76, 0,0,0,3,8
2.27, 31.87, 0,0,0,3,8
2.28, 31.98, 0,0,0,3,8
2.29, 32.09, 0,0,0,3,8
2.30, 32.20, 0,0,0,3,8
2.31, 32.31, 0,0,0,3,8
2.32, 32.42, 0,0,0,3,8
2.33, 32.53, 0,0,0,3,8
2.34, 32.64, 0,0,0,3,8
2.35, 32.75, 0,0,0,3,8
2.36, 32.86, 0,0,0,3,8
2.37, 32.97, 0,0,0,3,8
2.38, 33.08, 0,0,0,3,8
2.39, 33.19, 0,0,0,3,8
2.40, 33.30, 0,0,0,3,8
2.41, 33.41, 0,0,0,3,8
2.42, 33.52, 0,0,0,3,8
2.43, 33.63, 0,0,0,3,8
2.44, 33.74, 0,0,0,3,8
2.45, 33.85, 0,0,0,3,8
2.46, 33.96, 0,0,0,3,8
2.47, 34.07, 0,0,0,3,8
2.48, 34.18, 0,0,0,3,8
2.49, 34.29, 0,0,0,3,8
2.50, 34.40, 0,0,0,3,8
2.51, 34.51, 0,0,0,3,8
2.52, 34.62, 0,0,0,3,8
2.53, 34.73, 0,0,0,3,8
2.54, 34.84, 0,0,0,3,8
2.55, 34.95, 0,0,0,3,8
2.56, 35.06, 0,0,0,3,8
2.57, 35.17, 0,0,0,3,8
2.58, 35.28, 0,0,0,3,8
2.59, 35.39, 0,0,0,3,8
2.60, 35.50, 0,0,0,3,8
2.61, 35.61, 0,0,0,3,8
2.62, 35.72, 0,0,0,3,8
2.63, 35.83, 0,0,0,3,8
2.64, 35.94, 0,0,0,3,8
2.65, 36.05, 0,0,0,3,8
2.66, 36.16, 0,0,0,3,8
2.67, 36.27, 0,0,0,3,8
2.68, 36.38, 0,0,0,3,8
2.69, 36.49, 0,0,0,3,8
2.70, 36.60, 0,0,0,3,8
2.71, 36.71, 0,0,0,3,8
2.72, 36.82, 0,0,0,3,8
2.73, 36.93, 0,0,0,3,8
2.74, 37.04, 0,0,0,3,8
2.75, 37.15, 0,0,0,3,8
2.76, 37.26, 0,0,0,3,8
2.77, 37.37, 0,0,0,3,8
2.78, 37.48, 0,0,0,3,8
2.79, 37.59, 0,0,0,3,8
2.80, 37.70, 0,0,0,3,8
2.81, 37.81, 0,0,0,3,8
2.82, 37.92, 0,0,0,3,8
2.83, 38.03, 0,0,0,3,8
2.84, 38.14, 0,0,0,3,8
2.85, 38.25, 0,0,0,3,8
2.86, 38.36, 0,0,0,3,8
2.87, 38.47, 0,0,0,3,8
2.88, 38.58, 0,0,0,3,8
2.89, 38.69, 0,0,0,3,8
2.90, 38.80, 0,0,0,3,8
2.91, 38.91, 0,0,0,3,8
2.92, 39.02, 0,0,0,3,8
2.93, 39.13, 0,0,0,3,8
2.94, 39.24, 0,0,0,3,8
2.95, 39.35, 0,0,0,3,8
2.96, 39.46, 0,0,0,3,8
2.97, 39.57, 0,0,0,3,8
2.98, 39.68, 0,0,0,3,8
2.99, 39.79, 0,0,0,3,8
3.00, 39.90, 0,0,0,3,8



# Region: outre-mer OM2  
# Colissimo France sans recommande ECO
::rate,weight,price,signature,deposit,tracking,region,recommanded
0.5, 10.80,  0,1,0,3,7
  1, 16.30,  0,1,0,3,7
  2, 29.00,  0,1,0,3,7
  5, 48.00,  0,1,0,3,7
 10, 94.50,  0,1,0,3,7
 30, 248.00,  0,1,0,3,7


# Region: outre-mer OM2  
# Lettre prioritaire outre-mer OM2 LP
::rate,weight,price,signature,deposit,tracking,region,recommanded
0.01, 0.87, 0,0,0,3,9
0.02, 0.98, 0,0,0,3,9
0.03, 1.58, 0,0,0,3,9
0.04, 1.69, 0,0,0,3,9
0.05, 1.80, 0,0,0,3,9
0.06, 2.56, 0,0,0,3,9
0.07, 2.67, 0,0,0,3,9
0.08, 2.78, 0,0,0,3,9
0.09, 2.89, 0,0,0,3,9
0.10, 3.00, 0,0,0,3,9
0.11, 4.26, 0,0,0,3,9
0.12, 4.37, 0,0,0,3,9
0.13, 4.48, 0,0,0,3,9
0.14, 4.59, 0,0,0,3,9
0.15, 4.70, 0,0,0,3,9
0.16, 4.81, 0,0,0,3,9
0.17, 4.92, 0,0,0,3,9
0.18, 5.03, 0,0,0,3,9
0.19, 5.14, 0,0,0,3,9
0.20, 5.25, 0,0,0,3,9
0.21, 5.36, 0,0,0,3,9
0.22, 5.47, 0,0,0,3,9
0.23, 5.58, 0,0,0,3,9
0.24, 5.69, 0,0,0,3,9
0.25, 5.80, 0,0,0,3,9
0.26, 6.96, 0,0,0,3,9
0.27, 7.07, 0,0,0,3,9
0.28, 7.18, 0,0,0,3,9
0.29, 7.29, 0,0,0,3,9
0.30, 7.40, 0,0,0,3,9
0.31, 7.51, 0,0,0,3,9
0.32, 7.62, 0,0,0,3,9
0.33, 7.73, 0,0,0,3,9
0.34, 7.84, 0,0,0,3,9
0.35, 7.95, 0,0,0,3,9
0.36, 8.06, 0,0,0,3,9
0.37, 8.17, 0,0,0,3,9
0.38, 8.28, 0,0,0,3,9
0.39, 8.39, 0,0,0,3,9
0.40, 8.50, 0,0,0,3,9
0.41, 8.61, 0,0,0,3,9
0.42, 8.72, 0,0,0,3,9
0.43, 8.83, 0,0,0,3,9
0.44, 8.94, 0,0,0,3,9
0.45, 9.05, 0,0,0,3,9
0.46, 9.16, 0,0,0,3,9
0.47, 9.27, 0,0,0,3,9
0.48, 9.38, 0,0,0,3,9
0.49, 9.49, 0,0,0,3,9
0.50, 9.60, 0,0,0,3,9
0.51, 10.96, 0,0,0,3,9
0.52, 11.07, 0,0,0,3,9
0.53, 11.18, 0,0,0,3,9
0.54, 11.29, 0,0,0,3,9
0.55, 11.40, 0,0,0,3,9
0.56, 11.51, 0,0,0,3,9
0.57, 11.62, 0,0,0,3,9
0.58, 11.73, 0,0,0,3,9
0.59, 11.84, 0,0,0,3,9
0.60, 11.95, 0,0,0,3,9
0.61, 12.06, 0,0,0,3,9
0.62, 12.17, 0,0,0,3,9
0.63, 12.28, 0,0,0,3,9
0.64, 12.39, 0,0,0,3,9
0.65, 12.50, 0,0,0,3,9
0.66, 12.61, 0,0,0,3,9
0.67, 12.72, 0,0,0,3,9
0.68, 12.83, 0,0,0,3,9
0.69, 12.94, 0,0,0,3,9
0.70, 13.05, 0,0,0,3,9
0.71, 13.16, 0,0,0,3,9
0.72, 13.27, 0,0,0,3,9
0.73, 13.38, 0,0,0,3,9
0.74, 13.49, 0,0,0,3,9
0.75, 13.60, 0,0,0,3,9
0.76, 13.71, 0,0,0,3,9
0.77, 13.82, 0,0,0,3,9
0.78, 13.93, 0,0,0,3,9
0.79, 14.04, 0,0,0,3,9
0.80, 14.15, 0,0,0,3,9
0.81, 14.26, 0,0,0,3,9
0.82, 14.37, 0,0,0,3,9
0.83, 14.48, 0,0,0,3,9
0.84, 14.59, 0,0,0,3,9
0.85, 14.70, 0,0,0,3,9
0.86, 14.81, 0,0,0,3,9
0.87, 14.92, 0,0,0,3,9
0.88, 15.03, 0,0,0,3,9
0.89, 15.14, 0,0,0,3,9
0.90, 15.25, 0,0,0,3,9
0.91, 15.36, 0,0,0,3,9
0.92, 15.47, 0,0,0,3,9
0.93, 15.58, 0,0,0,3,9
0.94, 15.69, 0,0,0,3,9
0.95, 15.80, 0,0,0,3,9
0.96, 15.91, 0,0,0,3,9
0.97, 16.02, 0,0,0,3,9
0.98, 16.13, 0,0,0,3,9
0.99, 16.24, 0,0,0,3,9
1.00, 16.35, 0,0,0,3,9
1.01, 17.91, 0,0,0,3,9
1.02, 18.02, 0,0,0,3,9
1.03, 18.13, 0,0,0,3,9
1.04, 18.24, 0,0,0,3,9
1.05, 18.35, 0,0,0,3,9
1.06, 18.46, 0,0,0,3,9
1.07, 18.57, 0,0,0,3,9
1.08, 18.68, 0,0,0,3,9
1.09, 18.79, 0,0,0,3,9
1.10, 18.90, 0,0,0,3,9
1.11, 19.01, 0,0,0,3,9
1.12, 19.12, 0,0,0,3,9
1.13, 19.23, 0,0,0,3,9
1.14, 19.34, 0,0,0,3,9
1.15, 19.45, 0,0,0,3,9
1.16, 19.56, 0,0,0,3,9
1.17, 19.67, 0,0,0,3,9
1.18, 19.78, 0,0,0,3,9
1.19, 19.89, 0,0,0,3,9
1.20, 20.00, 0,0,0,3,9
1.21, 20.11, 0,0,0,3,9
1.22, 20.22, 0,0,0,3,9
1.23, 20.33, 0,0,0,3,9
1.24, 20.44, 0,0,0,3,9
1.25, 20.55, 0,0,0,3,9
1.26, 20.66, 0,0,0,3,9
1.27, 20.77, 0,0,0,3,9
1.28, 20.88, 0,0,0,3,9
1.29, 20.99, 0,0,0,3,9
1.30, 21.10, 0,0,0,3,9
1.31, 21.21, 0,0,0,3,9
1.32, 21.32, 0,0,0,3,9
1.33, 21.43, 0,0,0,3,9
1.34, 21.54, 0,0,0,3,9
1.35, 21.65, 0,0,0,3,9
1.36, 21.76, 0,0,0,3,9
1.37, 21.87, 0,0,0,3,9
1.38, 21.98, 0,0,0,3,9
1.39, 22.09, 0,0,0,3,9
1.40, 22.20, 0,0,0,3,9
1.41, 22.31, 0,0,0,3,9
1.42, 22.42, 0,0,0,3,9
1.43, 22.53, 0,0,0,3,9
1.44, 22.64, 0,0,0,3,9
1.45, 22.75, 0,0,0,3,9
1.46, 22.86, 0,0,0,3,9
1.47, 22.97, 0,0,0,3,9
1.48, 23.08, 0,0,0,3,9
1.49, 23.19, 0,0,0,3,9
1.50, 23.30, 0,0,0,3,9
1.51, 23.41, 0,0,0,3,9
1.52, 23.52, 0,0,0,3,9
1.53, 23.63, 0,0,0,3,9
1.54, 23.74, 0,0,0,3,9
1.55, 23.85, 0,0,0,3,9
1.56, 23.96, 0,0,0,3,9
1.57, 24.07, 0,0,0,3,9
1.58, 24.18, 0,0,0,3,9
1.59, 24.29, 0,0,0,3,9
1.60, 24.40, 0,0,0,3,9
1.61, 24.51, 0,0,0,3,9
1.62, 24.62, 0,0,0,3,9
1.63, 24.73, 0,0,0,3,9
1.64, 24.84, 0,0,0,3,9
1.65, 24.95, 0,0,0,3,9
1.66, 25.06, 0,0,0,3,9
1.67, 25.17, 0,0,0,3,9
1.68, 25.28, 0,0,0,3,9
1.69, 25.39, 0,0,0,3,9
1.70, 25.50, 0,0,0,3,9
1.71, 25.61, 0,0,0,3,9
1.72, 25.72, 0,0,0,3,9
1.73, 25.83, 0,0,0,3,9
1.74, 25.94, 0,0,0,3,9
1.75, 26.05, 0,0,0,3,9
1.76, 26.16, 0,0,0,3,9
1.77, 26.27, 0,0,0,3,9
1.78, 26.38, 0,0,0,3,9
1.79, 26.49, 0,0,0,3,9
1.80, 26.60, 0,0,0,3,9
1.81, 26.71, 0,0,0,3,9
1.82, 26.82, 0,0,0,3,9
1.83, 26.93, 0,0,0,3,9
1.84, 27.04, 0,0,0,3,9
1.85, 27.15, 0,0,0,3,9
1.86, 27.26, 0,0,0,3,9
1.87, 27.37, 0,0,0,3,9
1.88, 27.48, 0,0,0,3,9
1.89, 27.59, 0,0,0,3,9
1.90, 27.70, 0,0,0,3,9
1.91, 27.81, 0,0,0,3,9
1.92, 27.92, 0,0,0,3,9
1.93, 28.03, 0,0,0,3,9
1.94, 28.14, 0,0,0,3,9
1.95, 28.25, 0,0,0,3,9
1.96, 28.36, 0,0,0,3,9
1.97, 28.47, 0,0,0,3,9
1.98, 28.58, 0,0,0,3,9
1.99, 28.69, 0,0,0,3,9
2.00, 28.80, 0,0,0,3,9
2.01, 29.41, 0,0,0,3,9
2.02, 29.52, 0,0,0,3,9
2.03, 29.63, 0,0,0,3,9
2.04, 29.74, 0,0,0,3,9
2.05, 29.85, 0,0,0,3,9
2.06, 29.96, 0,0,0,3,9
2.07, 30.07, 0,0,0,3,9
2.08, 30.18, 0,0,0,3,9
2.09, 30.29, 0,0,0,3,9
2.10, 30.40, 0,0,0,3,9
2.11, 30.51, 0,0,0,3,9
2.12, 30.62, 0,0,0,3,9
2.13, 30.73, 0,0,0,3,9
2.14, 30.84, 0,0,0,3,9
2.15, 30.95, 0,0,0,3,9
2.16, 31.06, 0,0,0,3,9
2.17, 31.17, 0,0,0,3,9
2.18, 31.28, 0,0,0,3,9
2.19, 31.39, 0,0,0,3,9
2.20, 31.50, 0,0,0,3,9
2.21, 31.61, 0,0,0,3,9
2.22, 31.72, 0,0,0,3,9
2.23, 31.83, 0,0,0,3,9
2.24, 31.94, 0,0,0,3,9
2.25, 32.05, 0,0,0,3,9
2.26, 32.16, 0,0,0,3,9
2.27, 32.27, 0,0,0,3,9
2.28, 32.38, 0,0,0,3,9
2.29, 32.49, 0,0,0,3,9
2.30, 32.60, 0,0,0,3,9
2.31, 32.71, 0,0,0,3,9
2.32, 32.82, 0,0,0,3,9
2.33, 32.93, 0,0,0,3,9
2.34, 33.04, 0,0,0,3,9
2.35, 33.15, 0,0,0,3,9
2.36, 33.26, 0,0,0,3,9
2.37, 33.37, 0,0,0,3,9
2.38, 33.48, 0,0,0,3,9
2.39, 33.59, 0,0,0,3,9
2.40, 33.70, 0,0,0,3,9
2.41, 33.81, 0,0,0,3,9
2.42, 33.92, 0,0,0,3,9
2.43, 34.03, 0,0,0,3,9
2.44, 34.14, 0,0,0,3,9
2.45, 34.25, 0,0,0,3,9
2.46, 34.36, 0,0,0,3,9
2.47, 34.47, 0,0,0,3,9
2.48, 34.58, 0,0,0,3,9
2.49, 34.69, 0,0,0,3,9
2.50, 34.80, 0,0,0,3,9
2.51, 34.91, 0,0,0,3,9
2.52, 35.02, 0,0,0,3,9
2.53, 35.13, 0,0,0,3,9
2.54, 35.24, 0,0,0,3,9
2.55, 35.35, 0,0,0,3,9
2.56, 35.46, 0,0,0,3,9
2.57, 35.57, 0,0,0,3,9
2.58, 35.68, 0,0,0,3,9
2.59, 35.79, 0,0,0,3,9
2.60, 35.90, 0,0,0,3,9
2.61, 36.01, 0,0,0,3,9
2.62, 36.12, 0,0,0,3,9
2.63, 36.23, 0,0,0,3,9
2.64, 36.34, 0,0,0,3,9
2.65, 36.45, 0,0,0,3,9
2.66, 36.56, 0,0,0,3,9
2.67, 36.67, 0,0,0,3,9
2.68, 36.78, 0,0,0,3,9
2.69, 36.89, 0,0,0,3,9
2.70, 37.00, 0,0,0,3,9
2.71, 37.11, 0,0,0,3,9
2.72, 37.22, 0,0,0,3,9
2.73, 37.33, 0,0,0,3,9
2.74, 37.44, 0,0,0,3,9
2.75, 37.55, 0,0,0,3,9
2.76, 37.66, 0,0,0,3,9
2.77, 37.77, 0,0,0,3,9
2.78, 37.88, 0,0,0,3,9
2.79, 37.99, 0,0,0,3,9
2.80, 38.10, 0,0,0,3,9
2.81, 38.21, 0,0,0,3,9
2.82, 38.32, 0,0,0,3,9
2.83, 38.43, 0,0,0,3,9
2.84, 38.54, 0,0,0,3,9
2.85, 38.65, 0,0,0,3,9
2.86, 38.76, 0,0,0,3,9
2.87, 38.87, 0,0,0,3,9
2.88, 38.98, 0,0,0,3,9
2.89, 39.09, 0,0,0,3,9
2.90, 39.20, 0,0,0,3,9
2.91, 39.31, 0,0,0,3,9
2.92, 39.42, 0,0,0,3,9
2.93, 39.53, 0,0,0,3,9
2.94, 39.64, 0,0,0,3,9
2.95, 39.75, 0,0,0,3,9
2.96, 39.86, 0,0,0,3,9
2.97, 39.97, 0,0,0,3,9
2.98, 40.08, 0,0,0,3,9
2.99, 40.19, 0,0,0,3,9
3.00, 40.30, 0,0,0,3,9


# Region: outre-mer OM2 
# Colissimo France avec recommande R0
::rate,weight,price,signature,deposit,tracking,region,recommanded
0.5, 10.95,  0,1,1,3,1
  1, 16.55,  0,1,1,3,1
  2, 29.20,  0,1,1,3,1
  5, 48.50,  0,1,1,3,1
 10, 95.00,  0,1,1,3,1
 30, 250.00,  0,1,1,3,1

# Region: outre-mer OM2 
# Colissimo France avec recommande CR1
::rate,weight,price,signature,deposit,tracking,region,recommanded
0.5,13.45,1,1,1,3,2
  1,19.05,1,1,1,3,2
  2,31.7,1,1,1,3,2
  5,51.0,1,1,1,3,2
 10,97.5,1,1,1,3,2
 30,252.5,1,1,1,3,2

# Region: outre-mer OM2 
# Colissimo France avec recommande CR2
::rate,weight,price,signature,deposit,tracking,region,recommanded
0.5,14.35,1,1,1,3,3
  1,19.95,1,1,1,3,3
  2,32.6,1,1,1,3,3
  5,51.9,1,1,1,3,3
 10,98.4,1,1,1,3,3
 30,253.4,1,1,1,3,3


# Region: outre-mer OM2 
# Colissimo France avec recommande CR3
::rate,weight,price,signature,deposit,tracking,region,recommanded
0.5,15.55,1,1,1,3,4
  1,21.15,1,1,1,3,4
  2,33.8,1,1,1,3,4
  5,53.1,1,1,1,3,4
 10,99.6,1,1,1,3,4
 30,254.6,1,1,1,3,4


# Region: outre-mer OM2 
# Colissimo France avec recommande CR4
::rate,weight,price,signature,deposit,tracking,region,recommanded
0.5,16.75,1,1,1,3,5
  1,22.35,1,1,1,3,5
  2,35.0,1,1,1,3,5
  5,54.3,1,1,1,3,5
 10,100.8,1,1,1,3,5
 30,255.8,1,1,1,3,5


# Region: outre-mer OM2 
# Colissimo France avec recommande CR5
::rate,weight,price,signature,deposit,tracking,region,recommanded
0.5,17.95,1,1,1,3,6
  1,23.55,1,1,1,3,6
  2,36.2,1,1,1,3,6
  5,55.5,1,1,1,3,6
 10,102.0,1,1,1,3,6
 30,257.0,1,1,1,3,6



######################### Region: International ######################

# Region: International Zone A 
# Colissimo international avec recommande CR0
::rate,weight,price,signature,deposit,tracking,region,recommanded
  0.5,12.15,  1,1,1,4,1
  1,14.85,  1,1,1,4,1
  2,16.50,  1,1,1,4,1
  5,21.20,  1,1,1,4,1
 10,35.00,  1,1,1,4,1
 20,58.00,  1,1,1,4,1
 30,58.00,  1,1,1,4,1

# Region: International Zone B 
# Colissimo international avec recommande CR0
::rate,weight,price,signature,deposit,tracking,region,recommanded
  0.5,16.20,  1,1,1,5,1
  1,19.35,  1,1,1,5,1
  2,21.05,  1,1,1,5,1
  5,27.00,  1,1,1,5,1
 10,45.00,  1,1,1,5,1
 20,70.00,  1,1,1,5,1

# Region: International Zone C
# Colissimo international avec recommande CR0
::rate,weight,price,signature,deposit,tracking,region,recommanded
  0.5,23.70,  1,1,1,6,1
  1,26.30,  1,1,1,6,1
  2,36.10,  1,1,1,6,1
  5,53.00,  1,1,1,6,1
 10,100.00,  1,1,1,6,1
 20,160.00,  1,1,1,6,1


######################### Region: France, Monaco, Andorra ######################

# Region: France, Monaco, Andorra 
# Lettre verte France LV
::rate,weight,price,signature,deposit,tracking,region,recommanded
0.02, 0.68, 0,0,0,1,8
0.05, 1.15, 0,0,0,1,8
0.1, 1.75, 0,0,0,1,8
0.25, 2.75, 0,0,0,1,8
0.5, 3.70, 0,0,0,1,8
1, 4.85, 0,0,0,1,8
2, 6.30, 0,0,0,1,8
3, 6.90, 0,0,0,1,8

# Region: France, Monaco, Andorra
# Lettre prioritaire France LP
::rate,weight,price,signature,deposit,tracking,region,recommanded
0.02, 0.76, 0,0,0,1,9
0.05, 1.25, 0,0,0,1,9
0.1, 1.90, 0,0,0,1,9
0.25, 3.05, 0,0,0,1,9
0.5, 4.10, 0,0,0,1,9
1, 5.35, 0,0,0,1,9
2, 6.80, 0,0,0,1,9
3, 7.30, 0,0,0,1,9

# Region: France, Monaco, Andorra
# Lettre recommandée sans accuse France LR1
::rate,weight,price,signature,deposit,tracking,region,recommanded
0.02, 3.76,  1,0,0,1,10
0.05, 4.15,  1,0,0,1,10
0.1, 4.72,  1,0,0,1,10
0.25, 5.77,  1,0,0,1,10
0.5, 6.72,  1,0,0,1,10
1, 7.77,  1,0,0,1,10
2, 9.24,  1,0,0,1,10
3, 10.29,  1,0,0,1,10

# Region: France, Monaco, Andorra
# Lettre recommandée sans accuse France LR2
::rate,weight,price,signature,deposit,tracking,region,recommanded
0.02, 4.36,  1,0,0,1,11
0.05, 4.83,  1,0,0,1,11
0.1, 5.35,  1,0,0,1,11
0.25, 6.45,  1,0,0,1,11
0.5, 7.35,  1,0,0,1,11
1, 8.45,  1,0,0,1,11
2, 9.87,  1,0,0,1,11
3, 10.91,  1,0,0,1,11

# Region: France, Monaco, Andorra
# Lettre recommandée sans accuse France LR3
::rate,weight,price,signature,deposit,tracking,region,recommanded
0.02, 5.35,  1,0,0,1,12
0.05, 5.77,  1,0,0,1,12
0.1, 6.30,  1,0,0,1,12
0.25, 7.40,  1,0,0,1,12
0.5, 8.34,  1,0,0,1,12
1, 9.39,  1,0,0,1,12
2, 10.86,  1,0,0,1,12
3, 11.91,  1,0,0,1,12

# Region: France, Monaco, Andorra
# Lettre recommandée avec accuse France LRA1
::rate,weight,price,signature,deposit,tracking,region,recommanded
0.02,4.81,1,1,0,1,13
0.05,5.2,1,1,0,1,13
0.1,5.77,1,1,0,1,13
0.25,6.82,1,1,0,1,13
0.5,7.77,1,1,0,1,13
1,8.82,1,1,0,1,13
2,10.29,1,1,0,1,13
3,11.34,1,1,0,1,13

# Region: France, Monaco, Andorra
# Lettre recommandée avec accuse France LRA2
::rate,weight,price,signature,deposit,tracking,region,recommanded
0.02,5.41,1,1,0,1,14
0.05,5.88,1,1,0,1,14
0.1,6.4,1,1,0,1,14
0.25,7.5,1,1,0,1,14
0.5,8.4,1,1,0,1,14
1,9.5,1,1,0,1,14
2,10.92,1,1,0,1,14
3,11.96,1,1,0,1,14


# Region: France, Monaco, Andorra
# Lettre recommandee avec accuse France LRA3
::rate,weight,price,signature,deposit,tracking,region,recommanded
0.02,6.4,1,1,0,1,15
0.05,6.82,1,1,0,1,15
0.1,7.35,1,1,0,1,15
0.25,8.45,1,1,0,1,15
0.5,9.39,1,1,0,1,15
1,10.44,1,1,0,1,15
2,11.91,1,1,0,1,15
3,12.96,1,1,0,1,15

### Not used, not filled
# Region: France, Monaco, Andorra
# Colissimo emballage France sans recommande taille Small CES
#::rate,weight,price,signature,deposit,tracking,region,recommanded
#1, 7.90,  0,1,1,1,16

# Region: France, Monaco, Andorra
# Colissimo emballage France sans recommande taille XS CEXS
#::rate,weight,price,signature,deposit,tracking,region,recommanded
#1, 7.90,  0,1,1,1,17

# Region: France, Monaco, Andorra
# Colissimo emballage France sans recommande taille P CEP
#::rate,weight,price,signature,deposit,tracking,region,recommanded
#3, 9.90,  0,1,1,1,18

# Region: France, Monaco, Andorra
# Colissimo emballage France sans recommande taille M CEM
#::rate,weight,price,signature,deposit,tracking,region,recommanded
#3, 9.90,  0,1,1,1,19

# Region: France, Monaco, Andorra
# Colissimo emballage France avec recommande taille L CEL
#::rate,weight,price,signature,deposit,tracking,region,recommanded
#5, 12.70,  1,1,1,1,20

# Region: France, Monaco, Andorra
# Colissimo emballage France avec recommande taille XL CEXL
#::rate,weight,price,signature,deposit,tracking,region,recommanded
#7, 15.50,  1,1,1,1,21

# Region: France, Monaco, Andorra
# Colissimo emballage France avec recommande 1 bouteille CE1B
#::rate,weight,price,signature,deposit,tracking,region,recommanded
#2, 11.10,  1,1,1,1,22

# Region: France, Monaco, Andorra
# Colissimo emballage France avec recommande 2 bouteilles CE2B
#::rate,weight,price,signature,deposit,tracking,region,recommanded
#5, 13.60,  1,1,1,1,23

# Region: France, Monaco, Andorra
# Colissimo emballage France avec recommande 3 bouteilles CE3B
#::rate,weight,price,signature,deposit,tracking,region,recommanded
#7, 14.60,  1,1,1,1,24

######################### Region: outre-mer ######################
##### OM1

# Region: OM1
# Colissimo emballage OM1 avec recommande taille L CEL
#::rate,weight,price,signature,deposit,tracking,region,recommanded
#5, 36.80,  1,1,1,2,20

# Region: OM1
# Colissimo emballage OM1 avec recommande taille XL CEXL
#::rate,weight,price,signature,deposit,tracking,region,recommanded
#7, 43.30,  1,1,1,2,21

# Region: OM1
# Colissimo emballage OM1 avec recommande 1 bouteille CE1B
#::rate,weight,price,signature,deposit,tracking,region,recommanded
#2, 26.90,  1,1,1,2,22

##### OM2

# Region: OM2
# Colissimo emballage OM2 avec recommande taille L CEL
#::rate,weight,price,signature,deposit,tracking,region,recommanded
#5, 62.60,  1,1,1,3,20

# Region: OM2
# Colissimo emballage OM2 avec recommande taille XL CEXL
#::rate,weight,price,signature,deposit,tracking,region,recommanded
#7, 83.90,  1,1,1,3,21

# Region: OM2
# Colissimo emballage OM2 avec recommande 1 bouteille CE1B
#::rate,weight,price,signature,deposit,tracking,region,recommanded
#2, 36.80,  1,1,1,3,22

######################### Region: International ######################

# Region: International Zone A
# Colissimo emballage international A avec recommande taille L CEL
#::rate,weight,price,signature,deposit,tracking,region,recommanded
#5, 27.90,  1,1,1,4,20

# Region: International Zone A
# Colissimo emballage international A avec recommande taille XL CEXL
#::rate,weight,price,signature,deposit,tracking,region,recommanded
#7, 32.30,  1,1,1,4,21

# Region: International Zone A
# Colissimo emballage international A avec recommande 1 bouteille CE1B
#::rate,weight,price,signature,deposit,tracking,region,recommanded
#2, 22.20,  1,1,1,4,22

# Region: International Zone B
# Colissimo emballage international B avec recommande taille L CEL
#::rate,weight,price,signature,deposit,tracking,region,recommanded
#5, 43.80,  1,1,1,5,20

# Region: International Zone B
# Colissimo emballage international B avec recommande taille XL CEXL
#::rate,weight,price,signature,deposit,tracking,region,recommanded
#7, 51.50,  1,1,1,5,21

# Region: International Zone B
# Colissimo emballage international B avec recommande 1 bouteille CE1B
#::rate,weight,price,signature,deposit,tracking,region,recommanded
#2, 36.00,  1,1,1,5,22

# Region: International Zone C
# Colissimo emballage international C avec recommande taille L CEL
#::rate,weight,price,signature,deposit,tracking,region,recommanded
#5, 43.80,  1,1,1,6,20

# Region: International Zone C
# Colissimo emballage international C avec recommande taille XL CEXL
#::rate,weight,price,signature,deposit,tracking,region,recommanded
#7, 51.50,  1,1,1,6,21

# Region: International Zone C
# Colissimo emballage international C avec recommande 1 bouteille CE1B
#::rate,weight,price,signature,deposit,tracking,region,recommanded
#2, 36.00,  1,1,1,6,22

# Region: International Zone D
# Colissimo emballage international D avec recommande taille L CEL
#::rate,weight,price,signature,deposit,tracking,region,recommanded
#5, 43.80,  1,1,1,7,20

# Region: International Zone D
# Colissimo emballage international D avec recommande taille XL CEXL
#::rate,weight,price,signature,deposit,tracking,region,recommanded
#7, 51.50,  1,1,1,7,21

# Region: International Zone D
# Colissimo emballage international D avec recommande 1 bouteille CE1B
#::rate,weight,price,signature,deposit,tracking,region,recommanded
#2, 36.00,  1,1,1,7,22